,1,2,3,4,5,6,7,8,9,10,11,12,13,14,15,16,17,18,19,20,21,22,23,24,25,26,27,28,29,30,31,32,33,34,35,36,37,38,39,40,41,42,43,44,45,46,47,48,49,50,51,52,53,54,55,56,57,58,59,60,61,62,63,64,65,66,67,68,69,70,71,72,73,74,75,76,77,78,79,80,81,82,83,84,85,86,87,88,89,90,91,92,93,94,95,96,97,98,99,100,101,102,103,104,105,106,107,108,109,110,111,112,113,114,115,116,117,118,119,120,121,122,123,124,125,126,127,128,129,130,131,132,133,134,135,136,137,138,139,140,141,142,143,144,145,146,147,148,149,150,151,152,153,154,155,156,157,158,159,160,161,162,163,164,165,166,167,168,169,170,171,172,173,174,175,176,177,178,179,180,181,182,183,184,185,186,187,188,189,190,191,192,193,194,195,196,197,198,199,200
1,999.0,4.91,5.1,11.97,10.76,14.61,3.59,9.6,16.41,3.97,9.78,4.45,1.49,1.84,13.49,3.77,4.57,3.19,5.91,8.93,10.72,2.89,4.94,11.63,8.74,8.82,4.96,9.84,4.11,13.84,4.33,4.36,11.72,22.62,1.51,9.16,6.72,2.37,8.27,4.12,6.6,8.72,12.86,5.32,1.84,8.58,5.8,14.48,2.81,11.26,2.98,8.94,12.9,8.44,20.93,3.59,19.23,3.96,19.81,3.71,2.66,21.84,6.51,20.05,12.9,4.87,19.84,12.76,5.96,9.32,16.49,10.45,0.98,5.48,5.25,15.56,13.84,8.45,11.03,3.01,3.12,7.3,4.8,14.2,3.75,2.03,24.36,6.11,5.0,8.77,0.92,9.6,15.08,4.8,2.53,17.39,3.09,15.97,8.48,5.43,7.43,8.47,7.87,6.71,19.15,2.99,21.77,20.91,2.67,4.53,9.91,4.54,10.7,11.15,5.8,8.93,11.05,15.48,3.01,21.9,8.07,3.59,6.48,5.37,15.84,8.7,8.21,16.89,9.82,2.18,0.42,2.03,10.31,9.17,5.69,4.11,8.03,40.69,1.33,8.33,9.17,3.11,6.34,5.22,7.21,19.81,14.52,5.85,4.81,14.61,7.3,6.31,10.46,9.44,19.49,4.01,9.69,8.07,10.47,6.27,8.77,5.99,9.83,3.11,11.74,16.14,13.49,13.85,8.07,15.82,12.17,6.47,10.65,14.42,2.03,9.53,1.75,4.73,4.61,2.75,8.27,18.98,3.34,10.65,11.83,1.83,5.43,0.67,19.4,15.5,7.43,4.43,16.49,3.3,5.13,21.09,1.18,9.8,10.32,3.33
2,4.91,999.0,9.97,16.17,15.28,14.12,5.7,13.59,16.21,1.42,14.68,2.65,3.78,5.34,13.23,6.64,1.8,5.22,5.73,9.0,15.1,4.33,5.41,15.37,7.03,8.21,1.07,13.77,1.15,17.95,7.31,4.75,16.04,26.8,5.75,8.73,11.42,3.37,7.1,1.89,11.34,5.99,13.21,3.61,5.18,12.17,10.67,18.33,5.01,14.98,1.93,6.19,13.78,13.35,25.69,5.7,23.02,6.18,24.42,5.82,4.79,25.86,10.75,24.2,12.98,9.59,24.19,13.02,7.99,6.12,17.2,13.09,3.94,10.0,6.93,16.3,17.95,13.35,12.65,7.72,4.28,9.47,9.02,17.34,3.44,5.61,26.88,10.96,5.41,10.55,5.74,13.42,15.87,9.54,7.21,17.53,7.9,15.48,9.78,8.89,11.12,6.24,7.91,11.04,23.04,7.78,26.54,25.26,3.22,4.82,8.62,9.4,11.55,10.63,7.21,9.0,15.3,19.53,3.69,25.8,12.64,5.7,11.06,10.24,16.07,6.61,13.11,17.06,12.0,5.67,5.33,5.61,8.66,14.04,10.54,8.98,5.73,43.35,5.53,9.54,14.04,7.93,6.81,8.37,3.96,23.9,13.89,10.76,5.01,14.12,12.15,6.54,10.91,11.82,23.35,8.9,6.56,12.64,15.37,11.17,10.55,10.79,9.3,7.93,15.55,16.53,14.33,15.59,12.64,19.04,14.5,8.8,12.21,14.73,5.61,13.57,6.01,2.53,9.49,7.17,5.63,22.84,8.25,12.21,11.18,3.12,10.15,4.29,23.33,14.52,11.12,4.07,17.2,4.4,9.73,25.08,5.97,7.9,14.93,1.87
3,5.1,9.97,999.0,9.16,7.3,17.34,7.01,7.65,18.77,8.89,4.94,8.93,6.26,5.04,16.13,5.33,9.33,6.2,9.81,11.95,7.65,7.24,7.94,9.78,12.87,12.32,9.88,7.95,9.08,11.03,6.37,7.76,8.67,19.24,4.39,12.5,3.51,7.26,12.2,8.89,3.23,13.3,15.05,9.44,5.74,7.64,1.9,12.09,6.06,9.51,8.04,13.51,14.62,3.41,16.44,7.01,16.65,6.09,15.69,7.05,6.13,17.59,4.95,16.82,15.33,2.72,16.24,15.05,8.16,14.04,18.01,10.55,6.08,3.67,8.09,17.12,11.03,3.43,12.25,2.41,6.89,8.83,4.36,13.02,7.93,4.86,23.38,2.19,8.86,10.29,4.24,7.98,16.63,2.61,3.52,19.36,2.1,18.6,10.56,6.07,6.71,12.88,11.13,4.79,16.4,2.24,17.22,17.28,7.21,7.89,13.67,1.86,12.75,14.26,8.64,11.95,8.24,12.66,7.65,19.02,4.96,7.01,3.87,1.75,17.86,13.03,3.37,18.88,10.65,5.54,4.68,4.86,14.24,4.53,0.69,1.0,12.52,39.15,4.98,10.54,4.53,2.68,9.71,6.46,12.08,16.69,17.36,1.14,8.07,17.34,3.12,9.84,12.91,10.11,16.77,1.71,14.36,4.96,5.65,1.67,10.29,1.15,13.13,2.68,9.75,17.99,15.17,14.53,4.96,14.38,12.38,8.12,12.0,16.49,4.86,7.49,4.19,9.65,0.49,4.03,12.86,16.29,1.79,12.0,14.95,6.86,1.24,5.75,16.58,18.55,6.71,8.25,18.01,6.95,3.25,18.09,4.01,13.91,6.65,8.27
4,11.97,16.17,9.16,999.0,2.22,15.15,10.68,2.68,15.55,15.7,6.48,16.41,13.46,13.07,14.05,14.13,16.43,14.55,12.41,12.02,1.55,11.92,16.44,2.24,14.79,13.13,16.61,2.61,15.76,1.9,9.02,16.04,0.7,10.66,12.32,12.92,5.74,12.8,13.88,15.99,5.99,16.19,12.43,17.28,11.03,4.45,7.29,2.99,14.27,2.42,14.52,16.32,11.24,7.73,10.65,10.68,7.51,14.79,8.72,10.58,14.24,22.07,5.48,8.09,13.06,7.34,8.04,12.6,9.24,17.16,13.4,6.25,12.66,6.53,10.14,12.78,1.9,7.61,8.95,10.96,14.9,8.33,7.22,5.19,15.7,13.03,14.78,6.98,11.89,8.66,11.6,3.08,12.4,7.44,9.46,15.33,10.5,15.94,9.7,7.39,5.23,15.42,11.99,5.26,7.3,10.64,11.56,9.1,14.64,16.2,14.55,8.05,10.71,13.62,10.28,12.02,0.94,3.56,12.57,10.0,4.23,10.68,5.66,7.56,14.19,15.32,6.93,14.96,7.58,10.52,11.61,13.03,15.3,5.92,9.33,9.7,15.34,30.07,10.86,9.91,5.92,9.1,11.47,8.02,16.11,7.84,15.39,8.08,16.45,15.15,6.16,11.8,11.52,7.14,7.66,8.68,17.27,4.23,6.35,7.58,8.66,9.65,13.24,9.1,1.93,13.97,11.56,9.35,4.23,5.92,7.19,8.45,9.07,13.23,13.03,2.65,12.26,14.47,9.35,9.24,15.87,7.17,9.67,9.07,14.13,13.62,10.26,12.35,7.52,16.74,5.23,16.29,13.4,15.04,6.94,9.14,11.53,15.48,2.95,15.1
5,10.76,15.28,7.3,2.22,999.0,16.25,10.11,3.08,16.9,14.65,4.27,15.19,12.24,11.63,15.09,12.47,15.31,13.05,12.23,12.45,0.9,11.21,14.92,4.01,14.89,13.43,15.6,3.23,14.74,3.86,8.51,14.59,1.55,12.02,10.88,13.3,4.12,11.95,14.01,14.87,4.31,16.12,13.55,15.98,10.11,4.79,5.52,5.16,12.81,4.01,13.51,16.26,12.49,5.54,10.61,10.11,9.43,13.18,9.14,10.04,12.8,20.01,4.61,9.54,14.11,5.92,9.12,13.68,9.18,17.06,15.0,7.4,11.56,5.3,9.93,14.31,3.86,5.42,10.06,9.31,13.5,8.59,6.28,7.28,14.39,11.55,16.99,5.18,11.58,9.28,10.26,3.7,13.9,6.0,8.23,16.85,8.87,17.17,10.21,6.96,5.13,15.4,12.22,4.27,9.13,9.02,11.5,10.19,13.4,14.74,14.9,6.48,11.59,14.3,10.18,12.45,1.63,5.42,11.85,11.72,2.69,10.11,4.28,5.85,15.61,15.36,4.76,16.45,8.51,9.63,10.37,11.55,15.63,3.71,7.37,7.95,15.25,32.16,9.8,10.37,3.71,7.72,11.44,7.65,15.75,9.39,16.45,6.17,14.96,16.25,4.2,11.75,12.29,7.98,9.51,7.11,17.22,2.69,4.17,5.65,9.28,7.65,13.72,7.72,3.77,15.46,12.88,10.97,2.69,8.12,8.7,8.5,10.08,14.53,11.55,2.92,10.78,13.87,7.55,8.14,15.75,9.04,8.08,10.08,14.88,12.51,8.31,11.22,9.3,17.8,5.13,14.91,15.0,13.62,5.63,10.79,10.15,15.7,0.74,14.03
6,14.61,14.12,17.34,15.15,16.25,999.0,11.07,13.18,2.17,15.04,19.12,16.47,15.17,16.41,1.22,18.36,15.76,17.49,8.89,5.68,15.44,11.81,18.72,12.97,7.18,6.0,15.18,13.03,14.83,15.75,11.06,18.0,15.62,22.54,16.09,5.55,15.37,12.79,7.02,15.63,15.59,8.73,2.72,17.58,12.83,11.58,16.25,14.9,17.1,12.73,14.22,8.61,3.99,19.07,25.44,11.07,17.76,18.42,23.12,10.96,16.89,34.73,13.33,20.27,2.16,14.81,21.33,2.57,9.21,9.27,4.56,8.92,14.22,14.11,9.52,4.12,15.75,18.99,6.22,16.78,16.93,8.6,13.08,11.72,16.75,16.63,16.54,16.25,9.69,7.31,15.25,12.55,4.06,14.89,14.17,3.75,16.52,1.38,6.81,11.34,11.72,8.13,6.75,13.71,18.22,16.53,26.34,22.15,15.8,18.14,5.55,15.53,4.79,3.54,8.94,5.68,14.94,16.46,11.98,20.43,15.19,11.07,14.67,16.03,2.74,7.74,18.28,3.38,7.75,12.66,14.7,16.63,5.72,18.24,18.0,16.85,8.59,32.17,13.57,6.81,18.24,14.84,8.27,10.89,10.56,19.78,0.42,17.12,18.41,0.01,16.73,8.33,4.44,8.29,18.32,15.65,8.94,15.19,19.49,17.07,7.31,18.49,4.91,14.84,13.29,3.4,3.85,6.69,15.19,12.89,8.18,9.24,6.17,2.38,16.63,13.34,16.3,11.69,17.04,13.56,8.9,17.94,16.02,6.17,2.94,14.53,18.42,14.24,18.58,1.63,11.72,17.58,4.56,17.13,14.38,20.25,15.45,6.55,16.57,14.92
7,3.59,5.7,7.01,10.68,10.11,11.07,999.0,8.03,12.83,5.65,10.61,6.79,4.47,5.43,9.92,7.36,6.47,6.68,2.8,5.4,9.77,1.38,8.24,9.71,5.87,5.46,6.37,8.18,5.6,12.38,1.66,7.56,10.63,21.21,5.04,5.73,6.77,2.53,5.2,6.11,6.81,6.47,9.27,7.9,1.77,6.51,6.7,12.68,6.28,9.32,4.45,6.66,9.35,9.76,20.71,0.01,17.34,7.52,19.19,0.14,6.1,24.54,5.5,18.61,9.32,5.23,18.71,9.17,2.55,7.31,12.94,7.52,3.43,5.18,1.68,12.01,12.38,9.73,7.62,5.84,6.35,4.02,3.96,11.68,6.57,5.62,21.46,6.87,1.86,5.37,4.18,7.8,11.53,5.25,3.49,13.8,5.65,12.42,4.94,3.29,5.5,5.95,4.39,5.87,17.38,5.64,21.6,19.77,5.44,7.73,6.72,5.54,7.12,7.67,2.22,5.4,9.86,13.93,2.0,20.13,7.64,0.01,6.22,6.32,12.25,6.06,9.23,13.3,6.61,1.62,3.64,5.62,7.25,9.81,7.7,6.25,5.63,37.9,2.51,4.77,9.81,4.33,2.86,2.7,5.7,18.29,10.99,7.25,8.01,11.07,7.88,2.92,6.87,6.33,17.68,5.36,7.57,7.64,11.22,7.44,5.37,8.13,6.39,4.33,9.9,12.56,9.94,10.52,7.64,13.37,9.08,3.24,7.21,10.83,5.62,8.03,5.24,3.8,6.59,2.99,6.04,17.17,5.35,7.21,8.36,4.08,7.84,3.34,17.67,12.04,5.5,7.39,12.94,6.55,5.11,19.44,4.39,6.91,9.9,5.19
8,9.6,13.59,7.65,2.68,3.08,13.18,8.03,999.0,13.86,13.2,6.55,13.99,11.08,10.88,12.01,12.14,13.95,12.39,9.73,9.51,2.3,9.3,14.28,2.16,12.17,10.57,14.08,0.31,13.24,4.37,6.37,13.82,2.8,13.21,10.14,10.4,4.16,10.23,11.26,13.52,4.46,13.53,10.47,14.92,8.5,1.82,5.77,4.88,12.08,1.87,12.0,13.66,9.44,7.24,13.2,8.03,9.63,12.75,11.38,7.93,12.02,22.6,3.14,10.61,11.03,5.34,10.7,10.6,6.56,14.5,12.1,4.36,10.22,4.39,7.46,11.36,4.37,7.13,6.99,9.04,12.63,5.73,4.8,5.4,13.35,10.87,15.73,5.51,9.21,6.26,9.34,0.64,10.93,5.45,7.16,13.89,8.57,14.11,7.23,4.74,2.55,12.77,9.41,3.05,9.56,8.71,14.12,11.75,12.26,13.99,12.02,6.18,8.52,11.28,7.6,9.51,2.0,5.95,9.95,12.31,2.94,8.03,3.8,5.91,12.6,12.68,6.36,13.47,5.43,7.98,9.28,10.87,12.76,5.75,7.98,7.96,12.67,31.6,8.42,7.42,5.75,6.95,8.81,5.35,13.42,10.32,13.37,6.7,14.24,13.18,5.11,9.14,9.24,4.91,9.89,6.76,14.61,2.94,6.71,6.3,6.26,8.4,10.77,6.95,2.18,12.48,9.85,8.12,2.94,6.74,5.81,5.79,7.0,11.48,10.87,0.19,10.12,11.82,7.72,6.85,13.2,9.38,7.73,7.0,11.84,11.16,8.85,9.92,9.82,14.72,2.55,14.0,12.1,12.79,4.85,11.54,9.31,12.9,3.43,12.62
9,16.41,16.21,18.77,15.55,16.9,2.17,12.83,13.86,999.0,17.08,20.1,18.51,17.07,18.24,3.0,20.18,17.83,19.38,10.85,7.53,16.04,13.69,20.68,13.32,9.32,8.03,17.26,13.68,16.89,15.9,12.64,19.96,16.09,21.99,17.87,7.55,16.51,14.71,9.12,17.68,16.75,10.9,3.72,19.63,14.6,12.42,17.53,14.88,18.99,13.14,16.22,10.78,4.43,20.22,25.49,12.83,17.21,20.29,23.07,12.72,18.78,35.93,14.46,19.86,3.52,16.15,21.07,3.73,10.77,11.43,3.13,9.5,16.09,15.38,11.22,3.13,15.9,20.13,6.93,18.41,18.87,9.94,14.43,11.54,18.74,18.45,14.97,17.49,11.6,8.51,17.0,13.23,3.34,16.24,15.76,1.67,18.12,1.12,8.24,12.7,12.75,10.29,8.65,14.81,17.73,18.15,26.37,21.81,17.76,20.11,7.69,16.93,6.02,5.58,10.65,7.53,15.47,16.4,13.9,19.74,16.15,12.83,15.81,17.35,1.46,9.9,19.39,1.43,8.59,14.39,16.47,18.45,7.89,19.22,19.41,18.36,10.74,30.28,15.31,8.3,19.22,16.37,10.12,12.33,12.72,19.35,2.51,18.45,20.38,2.17,17.86,10.23,5.99,9.16,17.79,17.11,11.1,16.15,20.4,18.34,8.51,19.9,6.93,16.37,13.64,1.98,4.02,6.43,16.15,12.47,8.37,10.66,7.02,2.39,18.45,14.04,18.07,13.75,18.5,15.14,11.06,17.45,17.56,7.02,5.04,16.46,19.9,16.08,18.08,2.83,12.75,19.58,3.13,19.07,15.68,19.67,17.19,8.72,17.29,16.94
10,3.97,1.42,8.89,15.7,14.65,15.04,5.65,13.2,17.08,999.0,13.71,1.43,2.63,4.06,14.09,5.24,0.83,3.81,6.34,9.7,14.54,4.27,4.05,15.09,8.09,9.06,0.99,13.41,0.28,17.53,7.13,3.36,15.51,26.37,4.55,9.54,10.67,3.12,8.04,0.6,10.56,7.24,13.92,2.54,4.71,11.92,9.77,18.03,3.61,14.71,1.22,7.45,14.36,12.29,24.9,5.65,22.76,4.76,23.74,5.78,3.4,24.46,10.23,23.78,13.76,8.82,23.67,13.75,8.12,7.45,17.86,13.17,3.1,9.34,7.1,16.95,17.53,12.31,13.02,6.56,2.86,9.62,8.48,17.3,2.04,4.32,27.08,10.07,5.82,10.84,4.7,13.1,16.5,8.76,6.44,18.33,6.79,16.41,10.18,8.63,10.82,7.39,8.58,10.49,22.74,6.66,25.74,24.74,1.85,3.45,9.63,8.51,12.1,11.51,7.48,9.7,14.8,19.14,3.72,25.5,11.97,5.65,10.38,9.34,16.84,7.74,12.13,17.85,12.2,5.22,4.39,4.32,9.75,13.12,9.41,7.89,6.88,43.54,4.86,9.96,13.12,7.07,7.31,8.18,5.25,23.51,14.84,9.76,3.66,15.04,11.27,7.1,11.56,11.96,23.06,7.97,7.89,11.97,14.4,10.2,10.84,9.63,10.15,7.07,15.25,17.27,14.93,15.96,11.97,18.98,14.69,8.87,12.59,15.47,4.32,13.16,4.79,3.35,8.41,6.52,6.85,22.55,7.23,12.59,12.1,2.15,8.96,3.44,23.01,15.55,10.82,2.73,17.86,2.98,9.03,24.74,4.9,9.03,14.24,0.64
11,9.78,14.68,4.94,6.48,4.27,19.12,10.61,6.55,20.1,13.71,999.0,13.85,11.09,9.97,17.91,10.17,14.21,11.14,13.25,14.47,5.07,11.3,12.83,8.12,16.24,15.19,14.7,6.82,13.87,7.97,9.36,12.68,5.8,15.05,9.3,15.21,3.97,11.65,15.43,13.76,3.86,17.07,16.52,14.39,9.89,7.7,4.05,9.37,11.0,8.04,12.76,17.25,15.69,1.76,11.53,10.61,13.3,10.95,10.98,10.6,11.08,16.05,5.88,12.83,16.98,5.39,11.93,16.6,10.71,17.92,18.59,10.76,10.74,5.53,11.1,17.81,7.97,1.68,13.18,7.35,11.83,10.7,6.78,11.48,12.87,9.8,21.23,3.8,12.4,11.83,9.01,7.15,17.36,5.39,7.59,20.3,7.01,20.2,12.5,8.25,7.4,16.49,13.94,5.48,12.9,7.16,12.3,12.93,12.1,12.81,16.65,5.32,14.34,16.61,11.53,14.47,5.83,9.37,11.85,15.26,3.95,10.61,4.65,4.47,18.93,16.55,1.58,19.86,11.51,9.52,9.35,9.8,17.33,0.89,4.62,5.9,16.22,36.14,9.29,12.59,0.89,6.79,12.78,8.89,16.2,12.8,19.25,3.96,12.98,19.12,2.74,13.01,14.83,10.94,13.28,5.79,18.17,3.95,0.7,3.51,11.83,4.66,15.74,6.79,7.93,18.88,16.15,14.65,3.95,12.39,12.34,10.29,13.09,17.71,9.8,6.36,9.11,13.94,5.39,7.83,16.65,12.85,6.48,13.09,17.26,11.6,5.44,10.39,13.0,20.56,7.4,13.19,18.59,11.89,5.52,14.26,8.81,17.19,3.55,13.07
12,4.45,2.65,8.93,16.41,15.19,16.47,6.79,13.99,18.51,1.43,13.85,999.0,2.96,3.9,15.51,4.54,0.87,3.13,7.73,11.1,15.16,5.46,2.8,15.96,9.51,10.48,1.71,14.21,1.66,18.27,8.16,2.19,16.16,27.06,4.55,10.96,11.12,4.27,9.47,0.84,10.98,8.61,15.32,1.14,5.6,12.83,10.05,18.85,3.07,15.59,2.4,8.82,15.72,12.33,25.22,6.79,23.61,3.92,24.2,6.93,2.91,23.66,10.93,24.49,15.17,9.28,24.28,15.15,9.32,8.77,19.24,14.29,3.78,9.93,8.34,18.32,18.27,12.36,14.3,6.53,2.19,10.81,9.2,18.33,1.1,4.1,28.25,10.38,7.17,12.09,4.97,13.94,17.87,9.21,6.98,19.74,6.84,17.84,11.48,9.57,11.7,8.8,9.97,11.15,23.55,6.69,26.04,25.35,1.79,2.24,11.06,8.85,13.46,12.94,8.75,11.1,15.48,19.9,4.97,26.3,12.5,6.79,10.92,9.64,18.24,9.15,12.27,19.26,13.4,6.11,4.82,4.1,11.18,13.34,9.38,7.95,8.29,44.68,5.57,11.27,13.34,7.49,8.67,9.19,6.6,24.24,16.27,9.9,2.4,16.47,11.57,8.47,12.94,13.13,23.88,8.26,9.21,12.5,14.55,10.38,12.09,9.53,11.57,7.49,16.09,18.67,16.29,17.24,12.5,19.99,15.88,10.03,13.87,16.87,4.1,13.93,4.75,4.79,8.47,7.17,8.24,23.37,7.41,13.87,13.53,2.86,8.8,4.07,23.81,16.98,11.7,1.46,19.24,2.22,9.57,25.51,5.12,10.44,14.73,1.64
13,1.49,3.78,6.26,13.46,12.24,15.17,4.47,11.08,17.07,2.63,11.09,2.96,999.0,1.66,14.09,3.4,3.14,2.32,6.29,9.54,12.21,3.39,3.76,13.08,8.82,9.23,3.62,11.31,2.82,15.33,5.54,3.1,13.21,24.1,1.97,9.63,8.18,2.39,8.49,2.69,8.05,8.48,13.62,3.84,2.92,10.0,7.18,15.95,1.94,12.71,1.9,8.71,13.8,9.66,22.34,4.47,20.71,3.28,21.27,4.61,1.72,22.31,7.99,21.54,13.59,6.34,21.33,13.5,6.99,8.96,17.38,11.72,1.05,6.97,6.14,16.45,15.33,9.68,12.08,3.95,1.88,8.42,6.27,15.58,2.3,1.94,25.67,7.5,5.48,9.82,2.08,11.06,15.98,6.26,4.02,18.14,4.16,16.54,9.4,6.8,8.86,8.38,8.43,8.2,20.63,4.03,23.17,22.39,1.19,3.27,10.15,5.95,11.55,11.65,6.65,9.54,12.53,16.96,3.2,23.38,9.55,4.47,7.96,6.76,16.6,8.66,9.5,17.65,10.99,3.38,1.87,1.94,10.46,10.52,6.79,5.26,7.9,42.04,2.69,9.23,10.52,4.55,6.95,6.51,6.75,21.3,15.03,7.13,3.55,15.17,8.7,6.85,11.21,10.65,20.96,5.38,9.36,9.55,11.78,7.58,9.82,7.02,10.29,4.55,13.2,16.95,14.39,14.96,9.55,17.22,13.4,7.59,11.68,15.19,1.94,11.01,2.23,4.32,5.78,4.23,8.05,20.46,4.61,11.68,12.3,0.8,6.37,1.23,20.88,15.93,8.86,3.03,17.38,2.08,6.61,22.57,2.28,9.86,11.79,2.01
14,1.84,5.34,5.04,13.07,11.63,16.41,5.43,10.88,18.24,4.06,9.97,3.9,1.66,999.0,15.3,1.95,4.37,1.52,7.64,10.74,11.72,4.62,3.4,12.98,10.33,10.57,5.01,11.14,4.29,14.97,6.11,2.97,12.74,23.62,0.75,10.93,7.51,3.84,9.94,3.94,7.33,10.1,14.7,4.44,3.68,10.05,6.28,15.73,1.2,12.63,3.54,10.32,14.74,8.43,21.4,5.43,20.48,2.14,20.49,5.55,1.18,20.65,7.74,21.1,14.73,5.75,20.75,14.6,7.79,10.6,18.33,12.14,2.28,6.55,7.09,17.4,14.97,8.46,12.84,2.63,1.9,9.1,6.14,15.73,2.9,0.28,25.98,6.61,6.75,10.58,1.58,10.95,16.92,5.65,3.74,19.22,2.96,17.78,10.32,7.06,8.91,9.96,9.67,7.87,20.34,2.81,22.2,21.81,2.25,3.13,11.59,5.16,12.54,12.93,7.64,10.74,12.13,16.62,4.6,23.07,8.97,5.43,7.43,5.88,17.68,10.22,8.39,18.73,11.59,3.99,1.89,0.28,11.95,9.49,5.48,4.07,9.49,42.24,3.1,10.17,9.49,3.97,8.14,6.93,8.4,20.89,16.31,6.03,3.38,16.41,7.79,8.09,12.3,11.19,20.69,4.54,10.99,8.97,10.67,6.53,10.58,5.64,11.6,3.97,13.05,17.98,15.33,15.63,8.97,17.31,13.9,8.26,12.46,16.26,0.28,10.79,0.87,5.95,4.58,4.17,9.66,20.19,3.61,12.46,13.61,2.46,4.93,2.19,20.58,17.27,8.91,3.3,18.33,2.0,6.13,22.21,1.57,11.38,11.1,3.49
15,13.49,13.23,16.13,14.05,15.09,1.22,9.92,12.01,3.0,14.09,17.91,15.51,14.09,15.3,999.0,17.25,14.83,16.41,7.85,4.56,14.29,10.72,17.69,11.89,6.43,5.03,14.28,11.88,13.89,14.72,9.87,16.97,14.5,21.75,14.96,4.55,14.15,11.73,6.15,14.68,14.36,8.1,1.67,16.63,11.69,10.39,15.03,13.93,16.02,11.64,13.23,8.0,3.07,17.85,24.43,9.92,17.0,17.33,22.14,9.82,15.81,33.5,12.11,19.44,1.0,13.58,20.43,1.46,8.01,8.73,4.59,7.81,13.13,12.89,8.35,3.94,14.72,17.77,5.1,15.6,15.88,7.38,11.86,10.84,15.75,15.51,16.38,15.02,8.62,6.09,14.1,11.39,3.74,13.67,12.98,4.33,15.33,2.5,5.59,10.12,10.51,7.43,5.66,12.49,17.43,15.35,25.33,21.27,14.77,17.12,4.82,14.31,3.57,2.6,7.77,4.56,13.81,15.5,10.92,19.71,13.98,9.92,13.44,14.8,2.99,7.05,17.06,3.89,6.59,11.51,13.56,15.51,5.13,17.02,16.79,15.65,7.85,32.27,12.42,5.59,17.02,13.64,7.16,9.68,9.83,18.95,1.36,15.9,17.39,1.22,15.51,7.25,3.22,7.12,17.55,14.44,8.44,13.98,18.28,15.85,6.09,17.27,3.94,13.64,12.22,3.59,3.08,5.93,13.98,12.09,7.2,8.02,5.02,2.03,15.51,12.17,15.16,10.76,15.83,12.37,8.21,17.14,14.82,5.02,2.14,13.48,17.21,13.13,17.78,2.7,10.51,16.58,4.59,16.08,13.15,19.49,14.3,5.94,15.39,13.94
16,3.77,6.64,5.33,14.13,12.47,18.36,7.36,12.14,20.18,5.24,10.17,4.54,3.4,1.95,17.25,999.0,5.26,1.44,9.57,12.69,12.68,6.57,2.68,14.28,12.2,12.51,6.04,12.42,5.5,16.02,7.93,2.69,13.72,24.48,2.38,12.88,8.41,5.73,11.85,4.92,8.18,11.87,16.63,4.61,5.6,11.52,6.96,16.92,1.64,13.96,5.08,12.09,16.64,8.49,21.7,7.36,21.61,0.79,21.01,7.48,1.87,19.23,9.04,22.01,16.67,6.83,21.52,16.53,9.67,12.3,20.22,13.82,4.19,7.75,9.01,19.29,16.02,8.54,14.68,3.17,2.4,10.94,7.59,17.21,3.45,1.74,27.54,7.3,8.7,12.44,3.31,12.3,18.81,6.72,5.25,21.15,3.63,19.73,12.22,8.73,10.4,11.78,11.61,9.09,21.43,3.48,22.47,22.57,3.43,2.78,13.51,6.07,14.45,14.88,9.57,12.69,13.18,17.68,6.51,24.11,9.91,7.36,8.48,6.63,19.61,12.06,8.65,20.66,13.38,5.88,3.76,1.74,13.84,9.85,5.55,4.53,11.3,43.69,4.96,12.08,9.85,5.22,10.09,8.68,10.07,21.85,18.26,6.45,2.89,18.36,8.39,10.04,14.23,12.95,21.79,5.45,12.71,9.91,10.86,6.98,12.44,5.54,13.54,5.22,14.33,19.9,17.23,17.43,9.91,18.74,15.61,10.1,14.32,18.19,1.74,12.03,2.25,7.69,4.98,5.78,11.44,21.3,4.46,14.32,15.55,4.18,4.76,4.13,21.64,19.21,10.4,3.36,20.22,2.33,7.29,23.21,3.19,13.25,11.87,4.8
17,4.57,1.8,9.33,16.43,15.31,15.76,6.47,13.95,17.83,0.83,14.21,0.87,3.14,4.37,14.83,5.26,999.0,3.82,7.13,10.48,15.24,5.09,3.67,15.86,8.75,9.8,0.85,14.16,0.95,18.27,7.93,3.04,16.22,27.09,4.94,10.29,11.29,3.94,8.75,0.45,11.17,7.78,14.7,1.83,5.47,12.7,10.32,18.79,3.7,15.48,2.02,7.99,15.17,12.74,25.48,6.47,23.53,4.68,24.38,6.6,3.51,24.44,10.95,24.51,14.53,9.44,24.37,14.53,8.95,7.92,18.65,13.99,3.77,10.02,7.93,17.74,18.27,12.76,13.85,6.96,2.86,10.44,9.2,18.1,1.84,4.6,27.91,10.64,6.64,11.66,5.22,13.86,17.3,9.38,7.09,19.1,7.23,17.13,11.0,9.41,11.59,8.0,9.36,11.19,23.49,7.09,26.31,25.43,2.13,3.1,10.32,9.09,12.91,12.25,8.3,10.48,15.52,19.89,4.54,26.25,12.63,6.47,11.04,9.9,17.61,8.36,12.62,18.62,13.03,5.98,4.98,4.6,10.4,13.65,9.82,8.34,7.5,44.36,5.56,10.78,13.65,7.67,8.12,8.98,5.76,24.24,15.55,10.25,3.26,15.76,11.84,7.9,12.35,12.78,23.82,8.52,8.36,12.63,14.91,10.71,11.66,10.0,10.89,7.67,16.01,18.05,15.73,16.79,12.63,19.78,15.52,9.7,13.41,16.25,4.6,13.9,5.17,4.07,8.86,7.21,7.42,23.31,7.73,13.41,12.83,2.81,9.3,4.1,23.76,16.23,11.59,2.32,18.65,2.93,9.68,25.48,5.4,9.66,14.89,1.33
18,3.19,5.22,6.2,14.55,13.05,17.49,6.68,12.39,19.38,3.81,11.14,3.13,2.32,1.52,16.41,1.44,3.82,999.0,8.61,11.85,13.17,5.69,1.9,14.49,11.08,11.55,4.61,12.65,4.08,16.45,7.52,1.56,14.21,25.06,2.25,11.95,8.94,4.71,10.79,3.48,8.74,10.62,15.9,3.32,4.99,11.57,7.62,17.24,0.39,14.14,3.76,10.84,16.03,9.51,22.64,6.68,21.98,1.01,21.82,6.81,0.6,20.66,9.25,22.55,15.89,7.21,22.16,15.78,9.13,11.0,19.62,13.61,3.29,8.05,8.36,18.68,16.45,9.56,14.21,3.83,0.96,10.49,7.66,17.24,2.03,1.52,27.48,7.96,7.79,11.95,3.09,12.47,18.21,7.12,5.26,20.43,4.24,18.86,11.61,8.55,10.42,10.59,10.74,9.37,21.84,4.08,23.43,23.22,2.05,1.7,12.45,6.57,13.8,13.97,8.89,11.85,13.61,18.11,5.52,24.55,10.42,6.68,8.9,7.25,18.89,10.89,9.57,19.93,13.02,5.37,3.34,1.52,12.74,10.73,6.54,5.29,10.1,43.75,4.51,11.45,10.73,5.46,9.25,8.39,8.77,22.36,17.35,7.27,1.91,17.49,9.12,9.16,13.49,12.63,22.18,5.94,11.42,10.42,11.84,7.78,11.95,6.61,12.61,5.46,14.56,19.22,16.62,17.04,10.42,18.83,15.35,9.66,13.82,17.47,1.52,12.3,2.29,6.45,5.79,5.69,10.19,21.69,4.98,13.82,14.63,3.02,5.85,3.34,22.06,18.25,10.42,2.08,19.62,0.9,7.62,23.69,3.09,12.11,12.5,3.4
19,5.91,5.73,9.81,12.41,12.23,8.89,2.8,9.73,10.85,6.34,13.25,7.73,6.29,7.64,7.85,9.57,7.13,8.61,999.0,3.36,11.76,3.02,9.84,11.03,3.07,2.94,6.7,9.81,6.18,13.93,3.9,9.12,12.49,22.59,7.42,3.34,9.32,3.9,2.42,6.92,9.4,3.9,7.58,8.87,4.31,7.99,9.43,13.95,8.23,10.65,5.39,4.06,8.06,12.51,22.81,2.8,18.39,9.57,21.1,2.77,8.01,27.32,7.76,20.0,7.45,7.93,20.33,7.42,3.18,4.83,11.53,7.91,5.39,7.73,2.31,10.61,13.93,12.46,7.01,8.53,8.04,4.38,6.48,12.3,7.9,7.88,21.32,9.58,0.96,5.07,6.68,9.35,10.18,7.96,6.29,12.03,8.39,10.27,4.16,5.29,7.21,3.25,2.24,8.17,18.53,8.36,23.72,21.35,6.92,9.26,4.01,8.31,5.82,5.36,2.14,3.36,11.69,15.35,3.1,21.25,9.98,2.8,8.71,9.07,10.52,3.31,11.93,11.54,6.61,4.35,6.09,7.88,4.48,12.42,10.5,9.04,3.03,37.79,5.13,3.9,12.42,7.13,1.16,4.6,3.79,19.63,8.75,10.03,9.53,8.89,10.52,0.84,5.22,6.57,18.8,8.16,5.01,9.98,13.83,10.2,5.07,10.93,4.0,7.13,11.28,10.93,8.62,9.92,9.98,13.99,9.07,4.0,6.56,9.14,7.88,9.78,7.66,3.21,9.39,5.79,3.52,18.3,8.14,6.56,6.01,5.64,10.62,5.45,18.85,9.64,7.21,8.74,11.53,8.24,7.74,20.65,6.92,4.11,12.14,6.12
20,8.93,9.0,11.95,12.02,12.45,5.68,5.4,9.51,7.53,9.7,14.47,11.1,9.54,10.74,4.56,12.69,10.48,11.85,3.36,999.0,11.78,6.16,13.17,10.19,3.28,1.28,10.01,9.49,9.52,13.2,5.59,12.45,12.28,21.37,10.42,0.91,10.52,7.18,2.5,10.28,10.69,5.08,4.23,12.23,7.15,7.7,11.1,12.86,11.46,9.84,8.75,5.11,4.84,14.1,22.66,5.4,16.87,12.77,20.67,5.3,11.25,29.51,8.6,18.85,4.09,9.6,19.46,4.06,3.85,6.01,8.2,6.31,8.56,9.07,3.92,7.3,13.2,14.03,4.45,11.17,11.34,3.87,7.9,10.53,11.25,10.96,18.59,11.17,4.06,3.4,9.58,8.98,6.88,9.66,8.63,8.66,10.94,7.04,2.32,6.25,7.37,4.24,1.12,9.01,17.13,10.94,23.58,20.43,10.25,12.6,2.55,10.22,2.75,2.31,3.34,0.01,11.5,14.38,6.37,19.72,10.72,5.4,9.83,10.82,7.15,3.96,13.38,8.18,4.81,7.01,9.02,10.96,3.3,13.58,12.64,11.36,4.45,34.97,7.91,2.11,13.58,9.35,2.6,5.67,6.18,18.42,5.6,11.89,12.87,5.68,11.86,2.69,1.93,5.06,17.34,10.25,5.93,10.72,14.94,11.93,3.4,13.11,1.29,9.35,10.49,7.57,5.37,7.11,10.72,12.13,6.87,4.18,4.04,5.78,10.96,9.63,10.63,6.47,11.61,8.03,4.96,16.87,10.5,4.04,3.01,8.93,12.96,8.57,17.47,6.66,7.37,12.09,8.2,11.54,9.25,19.27,9.79,3.63,12.56,9.49
21,10.72,15.1,7.65,1.55,0.9,15.44,9.77,2.3,16.04,14.54,5.07,15.16,12.21,11.72,14.29,12.68,15.24,13.17,11.76,11.78,999.0,10.94,15.06,3.13,14.33,12.81,15.47,2.41,14.62,3.38,8.14,14.69,1.04,11.92,10.97,12.65,4.27,11.74,13.44,14.8,4.51,15.62,12.73,16.0,9.93,4.09,5.79,4.53,12.91,3.12,13.38,15.76,11.65,6.21,11.06,9.77,9.01,13.37,9.42,9.69,12.89,20.89,4.35,9.38,13.3,5.97,9.13,12.87,8.65,16.57,14.11,6.55,11.47,5.24,9.46,13.43,3.38,6.1,9.23,9.52,13.57,7.96,6.08,6.43,14.41,11.66,16.27,5.47,11.15,8.56,10.29,2.9,13.02,6.06,8.19,15.97,9.06,16.33,9.51,6.55,4.57,14.88,11.62,4.06,8.77,9.21,11.97,10.2,13.39,14.84,14.26,6.62,10.81,13.57,9.67,11.78,0.77,5.02,11.59,11.42,2.77,9.77,4.29,6.08,14.74,14.82,5.4,15.57,7.71,9.43,10.35,11.66,15.0,4.44,7.79,8.22,14.75,31.61,9.68,9.69,4.44,7.76,10.91,7.22,15.35,9.18,15.64,6.55,15.08,15.44,4.62,11.23,11.54,7.2,9.13,7.26,16.71,2.77,5.02,6.05,8.56,8.11,13.04,7.76,2.9,14.58,12.03,10.08,2.77,7.34,7.81,7.93,9.27,13.67,11.66,2.17,10.89,13.56,7.85,8.03,15.26,8.65,8.24,9.27,14.14,12.42,8.72,11.14,8.96,16.99,4.57,14.97,14.11,13.7,5.62,10.53,10.2,15.11,1.53,13.93
22,2.89,4.33,7.24,11.92,11.21,11.81,1.38,9.3,13.69,4.27,11.3,5.46,3.39,4.62,10.72,6.57,5.09,5.69,3.02,6.16,10.94,999.0,7.1,11.04,5.88,5.95,4.99,9.46,4.22,13.66,2.97,6.4,11.83,22.51,4.4,6.31,7.62,1.18,5.38,4.75,7.62,6.08,10.23,6.57,1.5,7.84,7.28,14.01,5.3,10.65,3.08,6.29,10.45,10.27,21.76,1.38,18.69,6.61,20.33,1.52,5.09,24.53,6.6,19.9,10.21,5.92,19.96,10.11,3.87,6.8,14.02,8.89,2.41,6.08,2.89,13.09,13.66,10.25,8.87,5.64,5.23,5.36,4.94,13.06,5.32,4.86,22.82,7.51,2.13,6.64,3.69,9.1,12.63,5.91,3.79,14.75,5.56,13.18,6.1,4.57,6.8,5.71,5.06,6.94,18.71,5.51,22.64,21.01,4.22,6.56,7.02,6.04,8.19,8.32,3.33,6.16,11.07,15.22,0.66,21.47,8.65,1.38,7.14,6.87,13.21,5.91,9.83,14.26,7.95,1.78,3.1,4.86,7.43,10.55,7.91,6.37,5.32,39.27,2.28,5.9,10.55,4.65,3.56,4.03,4.92,19.6,11.7,7.68,6.84,11.81,8.6,3.48,7.82,7.69,19.02,5.72,7.12,8.65,11.94,7.96,6.64,8.3,6.98,4.65,11.22,13.57,11.03,11.79,8.65,14.75,10.43,4.6,8.45,11.8,4.86,9.29,4.64,2.69,6.78,3.47,5.63,18.51,5.47,8.45,8.99,2.86,7.89,2.43,19.0,12.64,6.8,6.15,14.02,5.43,5.91,20.76,3.94,6.95,10.94,3.83
23,4.94,5.41,7.94,16.44,14.92,18.72,8.24,14.28,20.68,4.05,12.83,2.8,3.76,3.4,17.69,2.68,3.67,1.9,9.84,13.17,15.06,7.1,999.0,16.38,12.0,12.73,4.51,14.54,4.32,18.34,9.25,0.73,16.09,26.94,4.14,13.17,10.81,5.99,11.84,3.52,10.61,11.27,17.31,2.3,6.65,13.43,9.46,19.13,2.21,16.03,4.54,11.49,17.54,11.16,24.36,8.24,23.87,1.89,23.61,8.37,2.3,21.09,11.15,24.43,17.25,9.1,24.02,17.18,10.75,11.5,21.12,15.39,4.81,9.94,9.9,20.19,18.34,11.21,15.84,5.64,1.88,12.17,9.54,19.1,2.04,3.42,29.3,9.8,9.11,13.58,4.96,14.36,19.72,9.0,7.14,21.82,6.07,20.1,13.16,10.37,12.29,11.38,12.04,11.26,23.73,5.92,25.13,25.08,2.92,0.6,13.48,8.45,15.29,15.18,10.4,13.17,15.5,20.0,6.8,26.44,12.3,8.24,10.79,9.09,20.29,11.71,11.29,21.33,14.73,7.07,5.15,3.42,13.68,12.47,8.21,7.08,10.87,45.61,6.27,12.98,12.47,7.35,10.61,10.16,9.3,24.24,18.56,9.04,0.41,18.72,10.93,10.47,14.9,14.36,24.08,7.81,11.94,12.3,13.52,9.56,13.58,8.22,13.81,7.35,16.46,20.65,18.13,18.72,12.3,20.7,17.1,11.34,15.44,18.88,3.42,14.19,4.18,7.24,7.55,7.55,10.88,23.58,6.84,15.44,15.81,4.24,7.44,4.95,23.96,19.36,12.29,1.34,21.12,1.69,9.51,25.58,4.98,12.98,14.36,3.92
24,11.63,15.37,9.78,2.24,4.01,12.97,9.71,2.16,13.32,15.09,8.12,15.96,13.08,12.98,11.89,14.28,15.86,14.49,11.03,10.19,3.13,11.04,16.38,999.0,13.14,11.37,15.94,1.87,15.11,3.02,8.07,15.9,2.83,11.58,12.25,11.1,6.28,12.05,12.23,15.45,6.57,14.66,10.25,16.92,10.4,3.2,7.89,2.97,14.17,0.39,13.88,14.77,9.03,9.07,12.62,9.71,7.67,14.88,10.5,9.59,14.1,24.02,5.25,8.98,10.89,7.49,9.35,10.43,7.87,15.64,11.16,4.12,12.18,6.54,8.87,10.54,3.02,8.96,6.8,11.19,14.7,6.73,6.85,3.4,15.37,12.98,13.62,7.62,10.65,6.79,11.42,2.03,10.16,7.61,9.24,13.09,10.72,13.72,7.87,6.49,4.28,13.86,10.31,5.2,7.67,10.86,13.53,10.35,14.27,16.06,12.73,8.33,8.63,11.62,8.9,10.19,2.39,4.32,11.69,10.43,4.94,9.71,5.95,8.05,11.95,13.72,8.21,12.72,5.55,9.88,11.32,12.98,13.49,7.42,10.09,10.11,13.83,29.45,10.4,8.1,7.42,9.08,10.0,7.01,14.81,8.63,13.22,8.8,16.33,12.97,7.11,10.34,9.5,5.17,7.98,8.92,15.7,4.94,8.13,8.38,6.79,10.48,11.36,9.08,0.33,11.73,9.33,7.11,4.94,4.6,4.95,7.03,6.95,11.0,12.98,2.29,12.23,13.43,9.86,8.89,14.37,7.47,9.88,6.95,12.1,13.11,10.97,11.9,7.96,14.57,4.28,16.05,11.16,14.85,7.0,9.73,11.4,13.75,4.64,14.53
25,8.74,7.03,12.87,14.79,14.89,7.18,5.87,12.17,9.32,8.09,16.24,9.51,8.82,10.33,6.43,12.2,8.75,11.08,3.07,3.28,14.33,5.88,12.0,13.14,999.0,2.0,8.1,12.19,7.85,16.13,6.88,11.28,14.97,24.51,10.23,2.49,12.28,6.48,0.9,8.68,12.38,1.84,6.83,10.58,7.29,10.35,12.48,15.93,10.73,12.77,7.47,1.84,7.8,15.55,25.37,5.87,20.07,12.08,23.5,5.83,10.49,30.36,10.6,21.96,6.41,10.97,22.48,6.58,5.73,2.73,10.79,9.46,8.05,10.71,5.15,9.97,16.13,15.51,7.72,11.51,10.36,6.46,9.46,13.76,9.97,10.59,21.76,12.62,4.01,6.48,9.57,11.7,9.61,11.0,9.35,10.76,11.39,8.51,5.37,8.11,9.77,1.04,2.84,11.01,20.3,11.36,26.28,23.47,9.17,11.4,1.63,11.38,5.94,3.87,4.77,3.28,14.16,17.41,5.75,22.93,12.82,5.87,11.64,12.12,9.39,0.7,14.95,10.32,7.99,7.38,8.97,10.59,1.67,15.39,13.56,12.09,1.42,38.06,8.11,5.11,15.39,10.19,3.5,7.42,3.4,21.55,6.92,13.09,11.65,7.18,13.52,3.23,4.99,8.15,20.53,11.22,2.66,12.82,16.8,13.25,6.48,13.99,2.76,10.19,13.42,9.94,8.25,10.32,12.82,15.38,10.14,6.4,7.31,8.19,10.59,12.25,10.48,4.76,12.45,8.86,1.83,20.05,11.19,7.31,4.3,8.07,13.66,8.19,20.64,7.49,9.77,10.76,10.79,10.55,10.75,22.44,9.82,1.07,14.88,8.09
26,8.82,8.21,12.32,13.13,13.43,6.0,5.46,10.57,8.03,9.06,15.19,10.48,9.23,10.57,5.03,12.51,9.8,11.55,2.94,1.28,12.81,5.95,12.73,11.37,2.0,999.0,9.26,10.57,8.86,14.38,6.02,12.0,13.36,22.62,10.33,0.54,11.22,6.84,1.29,9.65,11.36,3.83,5.08,11.6,7.14,8.75,11.65,14.08,11.17,11.01,8.22,3.84,5.91,14.69,23.76,5.46,18.14,12.51,21.81,5.39,10.95,29.91,9.38,20.09,4.79,10.13,20.67,4.87,4.49,4.73,9.09,7.56,8.32,9.71,4.24,8.23,14.38,14.64,5.73,11.3,10.96,4.85,8.49,11.8,10.75,10.81,19.79,11.75,3.82,4.61,9.55,10.07,7.84,10.18,8.88,9.32,11.11,7.38,3.51,6.95,8.31,2.99,1.26,9.8,18.39,11.1,24.68,21.65,9.81,12.14,1.48,10.67,3.95,2.46,3.73,1.28,12.57,15.6,6.03,21.0,11.56,5.46,10.55,11.34,7.86,2.7,14.02,8.85,6.06,7.08,8.97,10.81,2.2,14.32,13.01,11.65,3.24,36.14,7.94,3.26,14.32,9.66,2.63,6.31,5.08,19.67,5.83,12.37,12.41,6.0,12.52,2.55,3.03,6.28,18.61,10.63,4.64,11.56,15.7,12.46,4.61,13.47,1.09,9.66,11.66,8.35,6.39,8.33,11.56,13.41,8.15,4.99,5.31,6.55,10.81,10.67,10.56,5.73,11.94,8.32,3.74,18.13,10.76,5.31,3.09,8.56,13.25,8.38,18.73,6.7,8.31,11.58,9.09,11.15,9.83,20.53,9.78,2.39,13.5,8.92
27,4.96,1.07,9.88,16.61,15.6,15.18,6.37,14.08,17.26,0.99,14.7,1.71,3.62,5.01,14.28,6.04,0.85,4.61,6.7,10.01,15.47,4.99,4.51,15.94,8.1,9.26,999.0,14.28,0.86,18.43,7.91,3.89,16.44,27.27,5.52,9.76,11.63,3.89,8.15,1.13,11.53,7.04,14.23,2.56,5.59,12.75,10.75,18.88,4.45,15.55,2.09,7.24,14.76,13.28,25.88,6.37,23.6,5.5,24.7,6.5,4.25,25.25,11.15,24.68,14.02,9.79,24.6,14.05,8.77,7.13,18.21,13.85,4.06,10.29,7.73,17.3,18.43,13.3,13.55,7.54,3.64,10.27,9.4,18.05,2.66,5.26,27.72,11.06,6.3,11.41,5.69,13.95,16.87,9.73,7.41,18.57,7.78,16.54,10.69,9.45,11.66,7.3,8.91,11.41,23.6,7.64,26.72,25.66,2.77,3.94,9.69,9.5,12.52,11.68,8.05,10.01,15.72,20.03,4.38,26.36,12.92,6.37,11.33,10.33,17.1,7.67,13.12,18.1,12.83,6.1,5.38,5.26,9.73,14.11,10.4,8.88,6.8,44.19,5.8,10.45,14.11,8.06,7.75,8.98,5.0,24.4,14.95,10.75,4.1,15.18,12.26,7.5,11.9,12.62,23.91,8.96,7.57,12.92,15.39,11.19,11.41,10.61,10.34,8.06,16.1,17.56,15.32,16.5,12.92,19.73,15.33,9.55,13.11,15.76,5.26,14.05,5.76,3.54,9.4,7.46,6.69,23.4,8.22,13.11,12.24,3.13,9.92,4.41,23.87,15.59,11.66,3.17,18.21,3.73,9.99,25.61,5.89,8.97,15.21,1.63
28,9.84,13.77,7.95,2.61,3.23,13.03,8.18,0.31,13.68,13.41,6.82,14.21,11.31,11.14,11.88,12.42,14.16,12.65,9.81,9.49,2.41,9.46,14.54,1.87,12.19,10.57,14.28,999.0,13.44,4.21,6.52,14.08,2.8,13.04,10.41,10.38,4.47,10.41,11.29,13.74,4.77,13.59,10.32,15.15,8.7,1.84,6.08,4.64,12.34,1.56,12.2,13.71,9.27,7.53,13.2,8.18,9.4,13.02,11.33,8.08,12.28,22.86,3.4,10.44,10.89,5.63,10.57,10.46,6.63,14.56,11.87,4.17,10.44,4.67,7.55,11.14,4.21,7.42,6.83,9.33,12.88,5.74,5.04,5.09,13.59,11.14,15.43,5.82,9.31,6.19,9.6,0.51,10.72,5.74,7.41,13.67,8.86,13.94,7.19,4.9,2.68,12.82,9.41,3.34,9.34,8.99,14.11,11.61,12.5,14.24,12.0,6.47,8.41,11.2,7.67,9.49,2.02,5.76,10.12,12.1,3.24,8.18,4.1,6.21,12.4,12.72,6.65,13.26,5.3,8.19,9.52,11.14,12.75,6.03,8.29,8.25,12.73,31.31,8.64,7.38,6.03,7.23,8.87,5.49,13.52,10.14,13.23,7.01,14.5,13.03,5.41,9.2,9.15,4.79,9.66,7.06,14.66,3.24,6.96,6.61,6.19,8.7,10.73,7.23,1.91,12.27,9.66,7.87,3.24,6.43,5.57,5.85,6.86,11.3,11.14,0.49,10.39,11.96,8.02,7.09,13.26,9.16,8.01,6.86,11.75,11.38,9.16,10.14,9.6,14.58,2.68,14.25,11.87,13.04,5.14,11.33,9.57,12.91,3.63,12.83
29,4.11,1.15,9.08,15.76,14.74,14.83,5.6,13.24,16.89,0.28,13.87,1.66,2.82,4.29,13.89,5.5,0.95,4.08,6.18,9.52,14.62,4.22,4.32,15.11,7.85,8.86,0.86,13.44,999.0,17.58,7.11,3.64,15.58,26.42,4.76,9.35,10.78,3.09,7.82,0.83,10.68,6.97,13.75,2.75,4.74,11.93,9.91,18.05,3.88,14.73,1.24,7.19,14.21,12.47,25.02,5.6,22.78,5.03,23.85,5.73,3.66,24.73,10.29,23.83,13.58,8.93,23.74,13.58,8.05,7.18,17.7,13.11,3.21,9.43,7.02,16.79,17.58,12.49,12.91,6.76,3.14,9.55,8.55,17.27,2.32,4.55,27.01,10.22,5.69,10.74,4.87,13.12,16.35,8.87,6.55,18.15,6.98,16.2,10.06,8.63,10.84,7.14,8.41,10.56,22.76,6.85,25.87,24.81,2.11,3.73,9.41,8.65,11.96,11.31,7.38,9.52,14.86,19.19,3.64,25.52,12.07,5.6,10.48,9.48,16.66,7.49,12.29,17.67,12.12,5.26,4.53,4.55,9.52,13.27,9.61,8.08,6.64,43.47,4.94,9.83,13.27,7.2,7.17,8.17,4.98,23.55,14.62,9.92,3.93,14.83,11.41,6.94,11.39,11.89,23.08,8.12,7.61,12.07,14.57,10.36,10.74,9.84,9.95,7.2,15.27,17.09,14.78,15.86,12.07,18.95,14.62,8.81,12.48,15.3,4.55,13.2,5.01,3.14,8.6,6.6,6.59,22.57,7.4,12.48,11.89,2.28,9.17,3.55,23.04,15.32,10.84,3.0,17.7,3.26,9.13,24.77,5.08,8.78,14.35,0.81
30,13.84,17.95,11.03,1.9,3.86,15.75,12.38,4.37,15.9,17.53,7.97,18.27,15.33,14.97,14.72,16.02,18.27,16.45,13.93,13.2,3.38,13.66,18.34,3.02,16.13,14.38,18.43,4.21,17.58,999.0,10.72,17.94,2.36,8.85,14.22,14.11,7.63,14.59,15.23,17.84,7.87,17.63,13.07,19.15,12.84,5.96,9.17,1.51,16.17,3.37,16.34,17.74,11.77,9.37,9.7,12.38,5.63,16.69,7.5,12.28,16.13,23.02,7.33,6.25,13.73,9.24,6.39,13.26,10.76,18.61,13.46,7.07,14.51,8.42,11.72,12.95,0.01,9.26,9.69,12.86,16.79,9.7,9.07,4.68,17.57,14.93,13.33,8.85,13.49,9.8,13.49,4.61,12.62,9.34,11.34,15.48,12.39,16.41,10.89,9.1,6.89,16.83,13.31,7.14,5.41,12.54,10.61,7.42,16.51,18.1,15.75,9.95,11.58,14.6,11.8,13.2,2.84,1.66,14.32,8.1,6.12,12.38,7.56,9.45,14.48,16.71,8.62,15.15,8.53,12.33,13.49,14.93,16.5,7.52,11.16,11.58,16.79,28.3,12.71,11.12,7.52,11.0,12.94,9.7,17.68,5.98,16.03,9.93,18.34,15.75,7.98,13.28,12.48,8.18,5.76,10.58,18.68,6.12,7.72,9.42,9.8,11.47,14.37,11.0,2.72,14.18,12.01,9.51,6.12,4.87,7.59,9.94,9.88,13.67,14.93,4.38,14.16,16.17,11.23,11.1,17.33,5.28,11.57,9.88,15.06,15.46,12.1,14.2,5.62,17.37,6.89,18.18,13.46,16.93,8.84,7.25,13.42,16.76,4.59,16.94
31,4.33,7.31,6.37,9.02,8.51,11.06,1.66,6.37,12.64,7.13,9.36,8.16,5.54,6.11,9.87,7.93,7.93,7.52,3.9,5.59,8.14,2.97,9.25,8.07,6.88,6.02,7.91,6.52,7.11,10.72,999.0,8.63,8.98,19.56,5.56,6.15,5.42,4.02,6.09,7.55,5.51,7.78,8.95,9.22,2.62,4.87,5.65,11.04,7.14,7.68,5.91,7.95,8.78,8.71,19.12,1.66,15.72,8.25,17.56,1.57,6.99,23.93,3.93,16.95,9.13,4.13,17.05,8.91,1.86,8.68,12.35,6.18,4.52,3.84,1.78,11.42,10.72,8.66,6.75,5.78,7.38,3.0,2.58,10.18,7.79,6.25,20.14,5.77,3.12,4.51,4.63,6.14,10.93,4.18,3.12,13.42,5.48,12.36,4.42,1.63,3.84,7.15,4.79,4.32,15.74,5.51,20.01,18.11,6.64,8.79,7.42,4.66,6.68,7.89,2.3,5.59,8.2,12.27,3.62,18.5,6.13,1.66,4.81,5.32,11.88,7.19,8.09,12.93,5.49,2.17,4.22,6.25,8.05,8.53,7.05,5.8,6.91,36.54,3.02,4.34,8.53,3.78,3.46,1.06,7.24,16.64,11.05,6.36,9.08,11.06,6.64,3.66,6.67,5.12,16.05,4.66,8.89,6.13,9.93,6.45,4.51,7.52,6.77,3.78,8.25,12.11,9.37,9.53,6.13,11.85,7.86,2.16,6.39,10.47,6.25,6.37,5.69,5.46,6.02,2.5,7.38,15.54,4.95,6.39,8.59,5.33,7.38,4.32,16.03,12.21,3.84,8.56,12.35,7.57,3.88,17.79,4.76,7.85,8.35,6.61
32,4.36,4.75,7.76,16.04,14.59,18.0,7.56,13.82,19.96,3.36,12.68,2.19,3.1,2.97,16.97,2.69,3.04,1.56,9.12,12.45,14.69,6.4,0.73,15.9,11.28,12.0,3.89,14.08,3.64,17.94,8.63,999.0,15.72,26.59,3.72,12.45,10.47,5.29,11.11,2.85,10.28,10.57,16.6,1.94,6.02,12.91,9.18,18.69,1.78,15.54,3.82,10.78,16.85,11.05,24.19,7.56,23.44,1.94,23.38,7.7,1.81,21.53,10.69,24.07,16.53,8.72,23.7,16.47,10.09,10.81,20.42,14.79,4.15,9.52,9.23,19.49,17.94,11.1,15.18,5.39,1.25,11.52,9.05,18.56,1.33,3.04,28.72,9.52,8.4,12.92,4.48,13.87,19.03,8.63,6.66,21.1,5.8,19.37,12.48,9.8,11.76,10.66,11.33,10.83,23.31,5.64,24.98,24.77,2.2,0.17,12.75,8.11,14.59,14.46,9.71,12.45,15.1,19.59,6.08,26.04,11.94,7.56,10.4,8.8,19.58,10.99,11.13,20.61,14.09,6.45,4.61,3.04,12.95,12.28,8.08,6.85,10.16,45.06,5.68,12.29,12.28,6.94,9.9,9.56,8.6,23.86,17.83,8.83,0.45,18.0,10.67,9.76,14.19,13.74,23.66,7.48,11.25,11.94,13.38,9.34,12.92,8.13,13.09,6.94,15.99,19.95,17.43,18.06,11.94,20.17,16.49,10.7,14.78,18.17,3.04,13.74,3.81,6.52,7.35,7.03,10.17,23.16,6.53,14.78,15.09,3.54,7.36,4.31,23.55,18.64,11.76,0.76,20.42,1.06,9.1,25.19,4.52,12.26,14.05,3.21
33,11.72,16.04,8.67,0.7,1.55,15.62,10.63,2.8,16.09,15.51,5.8,16.16,13.21,12.74,14.5,13.72,16.22,14.21,12.49,12.28,1.04,11.83,16.09,2.83,14.97,13.36,16.44,2.8,15.58,2.36,8.98,15.72,999.0,10.9,11.99,13.17,5.31,12.67,14.06,15.78,5.55,16.32,12.9,17.01,10.87,4.62,6.83,3.61,13.94,2.96,14.34,16.45,11.75,7.09,10.41,10.63,7.98,14.41,8.61,10.54,13.92,21.37,5.29,8.36,13.51,6.99,8.16,13.06,9.34,17.28,14.0,6.7,12.45,6.24,10.21,13.36,2.36,6.97,9.41,10.55,14.59,8.53,7.04,5.88,15.42,12.69,15.44,6.5,11.93,8.98,11.3,3.3,12.97,7.09,9.19,15.91,10.1,16.45,9.98,7.37,5.28,15.56,12.2,5.03,7.73,10.24,11.32,9.23,14.39,15.87,14.8,7.66,11.11,13.97,10.38,12.28,0.8,3.98,12.48,10.39,3.81,10.63,5.31,7.12,14.74,15.48,6.3,15.53,7.98,10.37,11.35,12.69,15.55,5.27,8.8,9.25,15.46,30.64,10.66,10.18,5.27,8.78,11.6,8.02,16.14,8.15,15.85,7.57,16.11,15.62,5.62,11.92,11.89,7.51,8.1,8.29,17.4,3.81,5.66,7.06,8.98,9.11,13.53,8.78,2.54,14.54,12.09,9.95,3.81,6.61,7.75,8.59,9.5,13.75,12.69,2.72,11.92,14.43,8.89,9.01,15.98,7.62,9.28,9.5,14.5,13.41,9.74,12.13,7.93,17.2,5.28,15.99,14.0,14.72,6.63,9.5,11.22,15.7,2.29,14.91
34,22.62,26.8,19.24,10.66,12.02,22.54,21.21,13.21,21.99,26.37,15.05,27.06,24.1,23.62,21.75,24.48,27.09,25.06,22.59,21.37,11.92,22.51,26.94,11.58,24.51,22.62,27.27,13.04,26.42,8.85,19.56,26.59,10.9,999.0,22.87,22.28,16.13,23.44,23.62,26.66,16.33,26.13,20.12,27.91,21.68,14.73,17.52,8.64,24.81,11.97,25.18,26.22,18.69,16.77,7.3,21.21,4.78,25.2,5.27,21.11,24.8,26.48,16.14,2.61,20.84,17.88,3.14,20.38,19.45,27.11,18.99,15.06,23.33,17.14,20.45,18.85,8.85,16.67,17.25,21.33,25.48,18.25,17.89,11.01,26.32,23.55,12.03,17.19,22.23,18.03,22.2,13.42,18.7,17.97,20.09,21.02,20.89,22.79,19.14,17.94,15.72,25.31,21.68,15.91,4.33,21.04,7.66,2.28,25.29,26.74,23.87,18.49,19.26,22.33,20.47,21.37,11.58,7.29,23.16,2.57,14.65,21.21,16.2,17.86,20.53,25.13,16.24,20.85,16.56,21.17,22.25,23.55,24.61,15.0,19.21,19.96,25.32,22.46,21.53,19.4,15.0,19.67,21.54,18.52,26.38,2.96,22.9,18.1,26.97,22.54,16.13,21.88,20.25,16.36,4.21,19.12,27.13,14.65,14.5,17.57,18.03,19.42,22.41,19.67,11.35,20.03,18.71,15.85,14.65,9.66,14.79,18.61,17.57,20.19,23.55,13.23,22.78,24.98,19.54,19.9,25.87,4.61,20.1,17.57,22.65,24.28,20.14,23.01,3.98,24.13,15.72,26.89,18.99,25.61,17.53,2.32,22.11,25.0,12.61,25.77
35,1.51,5.75,4.39,12.32,10.88,16.09,5.04,10.14,17.87,4.55,9.3,4.55,1.97,0.75,14.96,2.38,4.94,2.25,7.42,10.42,10.97,4.4,4.14,12.25,10.23,10.33,5.52,10.41,4.76,14.22,5.56,3.72,11.99,22.87,999.0,10.67,6.76,3.79,9.78,4.5,6.59,10.13,14.29,5.16,3.27,9.34,5.55,14.99,1.95,11.9,3.86,10.36,14.27,7.8,20.7,5.04,19.73,2.74,19.76,5.15,1.93,20.48,7.01,20.35,14.35,5.0,20.0,14.2,7.3,10.69,17.85,11.5,2.24,5.81,6.67,16.92,14.22,7.83,12.3,2.02,2.63,8.56,5.42,15.03,3.59,0.74,25.31,5.89,6.51,10.06,0.93,10.23,16.44,4.91,3.03,18.81,2.29,17.45,9.85,6.42,8.2,9.93,9.37,7.12,19.6,2.15,21.51,21.07,2.82,3.88,11.42,4.42,12.09,12.65,7.23,10.42,11.38,15.87,4.48,22.32,8.22,5.04,6.68,5.15,17.26,10.17,7.72,18.31,11.01,3.51,1.4,0.74,11.81,8.8,4.88,3.41,9.48,41.54,2.59,9.72,8.8,3.22,7.83,6.33,8.53,20.14,16.01,5.35,4.12,16.09,7.07,7.81,11.9,10.59,19.95,3.8,11.07,8.22,10.0,5.83,10.06,5.08,11.33,3.22,12.32,17.54,14.86,15.06,8.22,16.6,13.28,7.72,11.94,15.84,0.74,10.05,0.27,6.05,3.93,3.49,9.69,19.45,2.89,11.94,13.33,2.7,4.41,2.04,19.83,17.0,8.2,4.04,17.85,2.74,5.38,21.47,0.86,11.29,10.36,3.94
36,9.16,8.73,12.5,12.92,13.3,5.55,5.73,10.4,7.55,9.54,15.21,10.96,9.63,10.93,4.55,12.88,10.29,11.95,3.34,0.91,12.65,6.31,13.17,11.1,2.49,0.54,9.76,10.38,9.35,14.11,6.15,12.45,13.17,22.28,10.67,999.0,11.25,7.24,1.83,10.13,11.4,4.33,4.55,12.08,7.44,8.58,11.75,13.77,11.57,10.75,8.68,4.32,5.37,14.77,23.56,5.73,17.76,12.9,21.57,5.65,11.35,30.08,9.36,19.76,4.26,10.23,20.38,4.33,4.52,5.21,8.56,7.22,8.7,9.76,4.4,7.69,14.11,14.71,5.28,11.57,11.38,4.71,8.56,11.41,11.21,11.16,19.28,11.83,4.18,4.31,9.87,9.87,7.3,10.29,9.09,8.81,11.36,6.93,3.23,6.97,8.21,3.5,1.36,9.78,18.03,11.35,24.47,21.34,10.25,12.59,1.64,10.81,3.45,2.02,3.86,0.91,12.39,15.3,6.44,20.61,11.52,5.73,10.56,11.45,7.34,3.19,14.08,8.34,5.72,7.36,9.29,11.16,2.39,14.33,13.18,11.86,3.77,35.61,8.23,3.01,14.33,9.86,2.87,6.35,5.61,19.33,5.4,12.5,12.86,5.55,12.57,2.85,2.51,5.97,18.24,10.79,5.1,11.52,15.7,12.56,4.31,13.65,0.67,9.86,11.4,7.82,5.85,7.83,11.52,13.0,7.72,4.95,4.88,6.02,11.16,10.51,10.89,6.23,12.13,8.52,4.26,17.77,10.98,4.88,2.68,8.98,13.45,8.74,18.36,6.34,8.21,12.04,8.56,11.58,9.91,20.16,10.09,2.73,13.4,9.39
