GAMS 47.5.0  d6b95593 Aug 29, 2024          WEX-WEI x86 64bit/MS Windows - 09/08/24 12:04:35 Page 1
G e n e r a l   A l g e b r a i c   M o d e l i n g   S y s t e m
C o m p i l a t i o n


   1  *Cambia el número de i dependiendo de la cantidad de nodos que tengas en el problema
   2  Set
   3  i /1*200/;
   4  alias (i,j);
   5  *Cambia el nombre del csv que estes usando
   6  Table c(i,j)
INCLUDE    C:\Users\rcorr\Desktop\Development\MA2015.101\reto\dist_matrix8.csv
   9  ,1,2,3,4,5,6,7,8,9,10,11,12,13,14,15,16,17,18,19,20,21,22,23,24,25,26,27,28,29,30,31,32,33,34,35,36,37,38,39,40,41,42,43,44,45,46,47,48,49,50,51,52,53,54,55,56,57,58,59,60,61,62,63,64,65,66,67,68,69,70,71,72,73,74,75,76,77,78,79,80,81,82,83,84,85,86,87,88,89,90,91,92,93,94,95,96,97,98,99,100,101,102,103,104,105,106,107,108,109,110,111,112,113,114,115,116,117,118,119,120,121,122,123,124,125,126,127,128,129,130,131,132,133,134,135,136,137,138,139,140,141,142,143,144,145,146,147,148,149,150,151,152,153,154,155,156,157,158,159,160,161,162,163,164,165,166,167,168,169,170,171,172,173,174,175,176,177,178,179,180,181,182,183,184,185,186,187,188,189,190,191,192,193,194,195,196,197,198,199,200
  10  1,999.0,5.17,14.33,1.87,9.2,4.71,8.62,15.55,8.06,17.78,6.66,11.84,6.81,9.84,8.44,14.39,21.87,8.73,25.7,22.39,11.88,10.84,13.02,10.34,12.27,3.62,11.31,15.73,19.48,13.94,14.82,8.45,14.88,7.8,13.14,1.51,10.78,1.57,6.25,15.02,11.87,5.44,2.02,5.57,9.0,9.62,10.47,5.44,8.02,11.61,7.86,10.05,8.66,7.84,22.24,22.37,9.5,10.2,15.34,5.91,14.2,10.09,1.45,8.94,19.96,6.38,10.87,10.1,7.42,21.92,7.0,2.75,2.08,7.9,21.65,19.68,23.45,22.89,5.49,10.52,10.34,7.58,6.64,12.03,13.57,5.55,11.0,11.65,2.39,6.87,6.81,1.25,12.63,5.52,6.66,11.77,10.7,7.39,12.78,10.01,10.91,9.89,12.0,2.39,22.92,2.75,15.55,9.16,14.88,9.95,10.34,7.2,13.27,21.38,5.46,10.31,5.92,7.75,12.84,10.2,6.25,13.76,16.83,10.55,19.51,13.59,29.97,11.16,10.49,5.44,9.77,1.4,6.78,6.94,10.48,14.93,14.4,11.31,7.05,12.36,2.33,7.77,10.2,12.19,5.68,11.02,9.26,4.63,9.26,6.12,12.77,5.46,4.54,11.89,37.64,11.02,2.71,8.66,1.75,8.74,7.81,12.55,4.12,3.61,8.76,4.8,13.01,10.34,8.43,20.97,6.78,7.96,1.48,9.5,10.23,11.99,5.87,12.68,5.44,5.44,16.28,2.43,10.64,8.44,10.6,6.22,6.78,21.9,5.57,23.49,8.89,5.83,14.03,11.91,9.2,9.67,12.45,11.12,12.13,9.77
  11  2,5.17,999.0,9.18,6.64,4.08,5.74,6.99,10.76,8.12,13.35,4.82,9.95,9.22,7.98,9.0,9.34,17.54,11.4,20.61,17.5,9.72,6.29,8.61,7.95,7.12,6.13,8.58,10.71,15.21,8.77,11.09,5.96,9.83,5.87,8.83,4.49,6.81,5.95,5.05,10.19,6.88,2.55,4.52,3.87,8.51,9.01,5.33,2.55,7.7,6.63,7.57,4.91,5.92,8.05,17.7,18.17,6.54,5.24,10.81,2.83,9.24,7.79,6.57,4.99,15.71,1.86,8.95,11.08,4.08,17.5,8.99,3.85,5.46,8.62,17.19,15.37,19.21,18.18,4.41,5.81,7.95,3.84,7.4,7.84,9.31,5.18,7.58,6.97,5.09,10.4,9.22,4.47,8.05,6.16,4.82,6.74,5.8,6.98,8.08,6.16,9.13,9.12,7.25,3.11,17.95,3.85,10.76,10.77,9.83,7.3,7.95,5.09,9.21,16.85,4.83,8.57,0.82,4.71,8.11,7.29,7.04,8.65,12.19,8.74,15.33,8.54,25.67,7.64,5.75,2.55,4.81,6.5,4.7,4.14,10.56,9.94,9.35,10.26,9.21,8.25,6.98,5.27,7.46,7.48,1.15,7.34,6.38,1.07,9.14,7.27,7.62,4.83,2.48,9.92,35.42,7.34,2.58,8.62,6.11,9.32,5.95,7.87,6.81,2.81,8.95,2.57,8.05,7.95,4.37,16.49,4.7,2.84,6.59,9.32,8.87,9.67,1.5,9.65,2.55,2.55,11.22,5.78,10.56,9.04,7.72,8.01,4.7,17.15,2.35,19.01,5.1,0.85,9.27,10.75,4.08,10.28,8.16,6.06,7.32,5.63
  12  3,14.33,9.18,999.0,15.63,5.13,13.87,12.24,3.86,14.65,7.09,11.27,13.33,16.45,10.97,14.59,1.55,10.79,18.43,11.5,8.97,12.77,6.45,5.13,11.55,2.69,14.3,11.23,4.27,9.04,0.83,8.12,10.76,3.71,10.37,7.37,13.43,8.08,14.9,11.95,5.42,4.31,10.11,13.3,11.21,14.34,14.51,4.27,10.11,14.03,3.23,12.88,4.61,10.37,14.74,10.28,11.72,10.15,5.3,5.16,9.28,2.22,11.63,15.74,8.23,9.51,8.51,12.74,16.45,8.51,10.47,15.95,12.45,14.5,14.53,10.08,9.07,12.52,10.19,11.85,6.0,11.55,7.98,14.76,7.55,7.65,11.9,9.5,5.85,13.72,18.3,16.45,13.48,6.17,13.89,11.27,4.12,4.15,12.49,5.65,8.35,13.05,14.39,5.52,12.24,9.14,12.45,3.86,16.9,3.71,10.88,11.55,10.06,8.31,9.54,11.59,12.8,8.49,9.8,3.77,10.44,13.68,0.9,5.42,12.81,9.43,1.63,20.01,9.31,5.92,10.11,4.79,15.67,10.08,10.11,15.0,4.24,1.45,14.74,16.25,7.89,16.12,10.6,10.78,4.01,8.71,8.87,10.26,9.93,13.9,14.11,2.54,11.59,10.37,13.18,32.16,8.87,11.75,14.87,15.25,15.95,11.56,4.01,14.88,11.58,15.31,10.21,4.2,11.55,8.14,9.39,10.08,6.56,15.7,15.19,13.5,12.47,8.59,9.34,10.11,10.11,4.17,14.43,16.14,14.65,9.1,15.09,10.08,9.12,9.83,11.67,7.4,8.5,3.56,14.92,5.13,15.46,7.3,4.28,5.18,7.72
  13  4,1.87,6.64,15.63,999.0,10.51,6.43,10.46,16.5,9.75,18.49,8.53,13.67,5.42,9.76,7.59,15.55,22.48,7.14,26.85,23.35,13.73,12.58,13.79,12.2,13.74,2.8,13.17,17.33,20.08,15.31,15.24,10.31,16.46,7.92,14.93,2.2,12.6,0.75,8.11,16.71,13.48,7.25,2.39,7.43,10.74,11.36,11.97,7.25,9.76,12.75,7.38,11.55,10.52,9.52,22.96,22.9,11.36,11.82,16.14,6.7,15.3,11.95,1.73,10.74,20.54,8.05,12.71,8.98,8.07,22.57,5.74,3.3,3.68,7.03,22.33,20.29,23.99,23.71,7.35,12.22,12.2,8.35,8.28,13.83,15.37,5.48,12.85,13.36,2.22,5.11,5.42,2.18,14.37,7.24,8.53,13.35,11.81,7.01,14.49,11.83,12.74,11.64,13.7,4.18,23.96,3.3,16.5,7.89,16.46,11.81,12.2,7.47,15.09,22.11,5.51,12.15,7.44,9.6,13.79,12.07,5.57,15.0,17.67,12.38,20.06,14.76,31.79,13.01,12.18,7.25,10.94,1.81,7.1,8.79,9.66,16.54,15.57,13.08,5.72,14.17,3.01,9.63,12.06,13.14,6.92,12.87,11.12,6.27,8.59,5.31,14.25,5.51,5.39,13.73,37.19,12.87,4.41,10.34,2.95,10.31,9.67,13.49,3.01,5.44,10.4,5.62,14.64,12.2,10.21,21.68,7.1,9.48,0.83,11.18,12.03,13.84,7.05,12.88,7.25,7.25,17.85,1.7,12.28,7.58,10.84,5.13,7.1,22.76,7.35,24.16,9.58,7.18,14.98,13.68,10.51,8.71,14.24,12.69,13.81,11.56
  14  5,9.2,4.08,5.13,10.51,999.0,9.28,8.86,6.89,10.82,9.78,7.23,11.01,11.85,7.86,10.57,5.28,13.97,13.95,16.53,13.49,10.58,4.84,5.34,8.95,3.47,9.35,9.12,7.4,11.74,4.81,8.41,7.43,6.51,6.44,7.23,8.31,6.23,9.78,7.78,7.4,4.06,5.5,8.21,6.8,10.83,11.17,2.1,5.5,10.26,2.68,8.87,1.82,7.16,10.84,13.95,14.7,7.34,3.04,7.22,4.44,5.23,8.91,10.62,5.18,12.25,3.84,10.15,12.61,4.2,13.85,11.44,7.37,9.5,10.37,13.51,11.87,15.69,14.29,7.45,4.14,8.95,3.63,10.54,6.62,7.7,7.29,7.55,5.02,8.65,13.5,11.85,8.35,6.05,9.47,7.23,3.8,2.06,8.37,5.82,5.98,10.42,11.16,5.07,7.18,13.89,7.37,6.89,12.75,6.51,8.2,8.95,5.88,7.95,13.11,6.94,9.99,3.47,6.17,4.44,7.94,9.2,4.57,8.43,10.08,11.94,4.48,23.2,7.48,4.02,5.5,1.15,10.56,5.73,6.12,11.52,6.77,5.28,11.93,11.72,7.09,11.05,6.99,8.23,3.89,3.59,7.04,7.33,4.93,10.2,9.58,4.01,6.94,5.35,10.91,33.34,7.04,6.66,11.18,10.19,12.12,7.93,4.28,9.97,6.66,11.59,5.21,5.13,8.95,4.74,12.8,5.73,1.91,10.57,11.7,10.54,10.4,3.5,7.95,5.5,5.5,7.77,9.36,12.84,10.63,6.6,10.51,5.73,13.24,5.21,15.3,3.85,3.37,5.48,12.29,0.01,11.66,6.71,3.14,4.95,5.22
  15  6,4.71,5.74,13.87,6.43,9.28,999.0,4.32,16.17,3.35,18.97,3.11,7.38,11.49,13.11,12.73,14.43,23.16,13.44,25.32,22.68,7.52,8.58,14.28,6.23,11.33,8.17,7.29,13.94,20.87,13.26,16.83,4.73,13.2,10.93,10.3,5.73,7.86,6.28,2.4,12.82,10.29,3.8,6.23,2.69,4.31,4.93,9.6,3.8,3.33,11.96,11.8,9.25,5.08,3.14,23.22,23.83,5.9,8.76,16.4,8.14,14.47,5.95,4.97,6.36,21.37,5.46,6.47,14.56,9.63,23.08,11.61,6.47,2.77,12.22,22.75,21.02,24.86,23.56,2.1,8.57,6.23,9.5,2.0,9.17,10.64,9.25,7.52,9.48,6.82,11.54,11.49,5.45,10.21,0.81,3.11,10.31,11.26,11.25,10.53,7.09,6.45,5.21,9.9,3.59,22.97,6.47,16.17,13.75,13.2,6.05,6.23,10.18,10.13,22.37,9.02,5.89,5.98,4.7,13.64,6.44,10.5,13.56,17.69,6.12,21.01,13.65,26.52,7.74,8.59,3.8,10.25,4.86,9.74,4.05,14.67,13.09,14.41,6.64,11.69,9.37,4.18,4.26,6.32,13.04,6.84,7.77,5.64,4.67,13.34,10.48,11.71,9.02,7.06,7.46,40.93,7.77,4.03,3.95,3.66,4.14,3.82,13.43,8.75,3.0,4.07,7.31,11.26,6.23,6.11,22.05,9.74,7.45,5.74,4.79,5.66,7.69,7.18,15.27,3.8,3.8,14.59,7.07,5.95,12.75,13.25,10.76,9.74,22.51,4.09,24.56,10.8,6.58,14.74,7.24,9.28,14.02,9.65,9.83,10.14,7.2
  16  7,8.62,6.99,12.24,10.46,8.86,4.32,999.0,15.33,2.63,18.46,2.24,3.25,15.03,14.96,15.65,13.21,22.57,17.12,23.17,21.2,3.27,5.95,14.2,1.94,9.55,11.65,3.02,11.09,20.46,11.48,17.22,1.49,10.52,12.87,6.79,9.23,4.61,10.15,2.39,9.68,8.05,4.47,9.63,3.39,2.1,2.33,8.2,4.47,2.01,11.31,14.39,7.99,1.87,2.82,22.34,23.38,2.28,6.97,15.95,9.82,13.46,1.66,9.18,4.02,20.96,5.54,2.25,17.65,10.99,22.38,15.03,9.54,6.95,15.19,22.01,20.56,24.32,22.39,3.2,6.26,1.94,10.65,3.52,5.78,7.02,11.86,3.7,6.76,10.29,15.46,15.03,9.0,7.13,3.65,2.24,8.18,10.9,13.8,7.58,4.04,2.32,2.3,7.18,6.7,21.27,9.54,15.33,17.07,10.52,1.97,1.94,12.08,6.37,21.54,11.55,1.72,6.69,2.69,13.2,2.46,13.5,12.21,16.96,1.94,20.71,12.53,22.31,3.95,6.34,4.47,10.0,9.07,11.68,2.92,17.38,10.26,13.16,3.27,15.17,5.82,8.48,1.88,2.23,12.71,8.09,4.16,2.08,6.14,15.98,13.59,9.76,11.55,9.23,3.28,42.04,4.16,6.85,2.69,7.9,3.83,1.05,13.08,12.3,5.48,3.14,9.4,8.7,1.94,4.23,21.3,11.68,7.0,9.86,2.96,1.88,3.4,8.42,16.32,4.47,4.47,11.78,10.71,4.0,15.67,14.53,14.09,11.68,21.33,4.65,23.72,11.72,7.59,14.11,3.76,8.86,16.95,6.26,7.96,7.5,4.55
  17  8,15.55,10.76,3.86,16.5,6.89,16.17,15.33,999.0,17.53,3.28,13.99,16.82,16.03,9.51,13.58,2.36,7.25,17.75,10.61,6.85,16.3,9.9,3.05,14.93,6.12,14.6,14.75,7.97,5.28,4.65,4.87,13.84,7.52,9.7,11.16,14.38,11.57,15.75,14.59,9.26,7.87,12.38,14.11,13.66,17.39,17.65,7.14,12.38,16.94,4.21,12.01,7.33,13.49,17.58,7.08,8.1,13.42,8.42,1.51,9.8,1.9,14.97,17.0,11.34,5.76,10.72,16.14,15.15,8.53,7.05,15.43,13.2,16.21,13.67,6.69,5.34,9.0,7.42,14.32,9.34,14.93,8.18,17.39,11.23,11.47,11.81,13.02,9.45,14.37,18.13,16.03,14.5,9.93,16.35,13.99,7.63,4.96,11.77,9.42,11.7,16.45,17.57,9.17,13.83,7.5,13.2,0.01,15.9,7.52,14.22,14.93,9.69,12.1,6.25,11.58,16.13,10.28,12.71,2.72,13.83,13.26,3.38,1.66,16.17,5.63,2.84,23.02,12.86,9.24,12.38,5.96,16.95,9.88,12.84,13.46,8.06,2.45,18.1,15.75,11.6,17.63,13.55,14.16,3.37,9.94,12.39,13.49,11.72,12.62,13.73,6.18,11.58,11.12,16.69,28.3,12.39,13.28,17.84,16.79,18.85,14.51,3.02,15.06,13.49,18.27,10.89,7.98,14.93,11.1,5.98,9.88,8.75,16.76,18.27,16.79,16.02,9.7,6.9,12.38,12.38,7.72,15.04,19.32,13.65,7.49,14.72,9.88,6.39,12.09,8.45,7.07,9.94,1.52,18.34,6.89,14.18,11.03,7.56,8.85,11.0
  18  9,8.06,8.12,14.65,9.75,10.82,3.35,2.63,17.53,999.0,20.57,3.59,4.63,14.84,15.96,15.97,15.51,24.74,16.79,25.74,23.62,4.96,8.5,16.12,4.32,11.97,11.51,5.35,13.71,22.55,13.92,18.98,3.97,13.12,13.8,9.41,9.06,7.23,9.63,3.12,12.31,10.56,5.65,9.54,4.27,1.14,1.71,10.49,5.65,0.64,13.41,14.93,10.23,4.39,0.28,24.59,25.5,4.9,9.34,18.03,10.84,15.7,4.06,8.21,6.44,23.06,7.13,3.96,17.85,12.2,24.58,14.95,9.7,6.08,15.47,24.22,22.67,26.47,24.74,3.72,8.76,4.32,11.96,1.53,8.41,9.63,12.37,6.31,9.34,10.15,14.87,14.84,8.78,9.76,2.55,3.59,10.67,12.88,14.36,10.2,6.63,3.81,2.04,9.77,6.75,23.74,9.7,17.53,17.08,13.12,4.55,4.32,13.02,8.96,23.78,12.1,3.4,8.07,4.86,15.25,5.06,13.75,14.54,19.14,3.61,22.76,14.8,24.46,6.56,8.82,5.65,11.92,8.1,12.59,4.71,17.86,12.87,15.47,3.45,15.04,8.44,7.24,4.04,4.79,14.71,9.27,6.79,4.7,7.1,16.5,13.76,12.22,12.1,9.96,4.76,43.54,6.79,7.1,0.6,6.88,1.31,3.1,15.09,12.1,5.82,0.83,10.18,11.27,4.32,6.52,23.51,12.59,8.91,9.03,1.43,2.86,5.24,9.62,17.76,5.65,5.65,14.4,10.42,2.62,15.99,15.84,14.09,12.59,23.67,5.91,25.97,13.17,8.87,16.23,4.05,10.82,17.27,8.89,10.38,10.07,7.07
  19  10,17.78,13.35,7.09,18.49,9.78,18.97,18.46,3.28,20.57,999.0,17.0,20.08,17.11,10.13,14.29,5.64,4.2,18.55,10.17,5.72,19.55,13.17,4.78,18.15,9.4,16.27,18.01,11.03,2.01,7.9,4.08,16.98,10.68,10.98,14.44,16.48,14.83,17.74,17.56,12.42,11.15,15.24,16.14,16.57,20.5,20.79,10.32,15.24,20.0,7.17,12.92,10.48,16.65,20.6,4.48,4.92,16.63,11.63,2.56,11.88,5.17,18.18,19.21,14.51,2.51,13.6,19.37,15.51,10.42,4.15,16.45,15.23,18.69,14.5,3.87,2.1,5.91,5.38,17.22,12.59,18.15,10.21,20.32,14.51,14.74,13.35,16.29,12.73,16.29,19.33,17.11,16.64,13.21,19.22,17.0,10.9,7.74,12.83,12.7,14.93,19.68,20.73,12.46,16.32,6.78,15.23,3.28,16.49,10.68,17.44,18.15,11.19,15.38,3.62,13.19,19.34,12.99,15.81,5.35,17.06,14.47,6.66,1.68,19.38,2.34,6.11,25.31,16.13,12.48,15.24,8.73,19.18,11.49,15.87,13.69,11.22,5.72,21.31,16.77,14.88,19.98,16.65,17.39,5.92,12.4,15.66,16.68,14.38,13.15,14.95,9.46,13.19,13.25,19.95,25.12,15.66,15.76,20.91,19.18,21.88,17.61,5.53,16.63,16.15,21.33,12.99,11.26,18.15,14.23,3.19,11.49,11.69,18.86,21.38,19.98,19.29,12.12,6.85,15.24,15.24,10.69,16.91,22.46,14.35,8.25,15.89,11.49,4.58,14.95,5.7,8.92,12.51,4.35,21.57,9.78,14.6,14.31,10.81,12.14,14.22
  20  11,6.66,4.82,11.27,8.53,7.23,3.11,2.24,13.99,3.59,17.0,999.0,5.42,12.87,12.79,13.41,12.03,21.17,14.98,22.57,20.21,5.34,5.55,12.53,3.7,8.63,9.49,4.64,10.92,18.97,10.59,15.42,1.8,10.22,10.67,7.19,7.11,4.75,8.15,0.74,9.74,7.4,2.27,7.48,1.18,3.74,4.21,7.03,2.27,3.05,9.83,12.15,6.74,2.07,3.61,21.06,21.92,2.92,6.0,14.45,7.64,12.18,3.46,7.43,3.33,19.47,3.57,4.4,15.42,8.87,21.02,12.84,7.33,5.26,12.96,20.67,19.09,22.9,21.25,1.21,5.62,3.7,8.57,3.5,6.07,7.54,9.62,4.52,6.44,8.15,13.41,12.87,6.9,7.13,2.8,0.01,7.45,9.29,11.56,7.47,3.99,4.52,4.3,6.87,4.57,20.4,7.33,13.99,14.86,10.22,3.29,3.7,9.89,7.06,20.24,9.31,3.93,4.61,1.63,11.66,3.57,11.27,11.09,15.59,4.13,19.17,11.3,23.59,4.71,5.65,2.27,8.33,7.32,9.48,1.16,15.14,10.06,11.99,5.46,12.99,6.28,6.95,1.19,3.54,11.13,5.94,4.7,2.66,3.92,13.74,11.37,8.94,9.31,6.99,5.43,40.09,4.7,4.66,3.98,6.25,4.89,1.23,11.51,10.16,3.3,4.37,7.18,8.28,3.7,3.19,19.96,9.48,5.32,8.01,4.59,4.11,5.4,6.28,14.32,2.27,2.27,11.58,8.61,5.8,13.44,12.46,11.9,9.48,20.19,2.48,22.43,9.71,5.48,12.66,5.98,7.23,14.71,6.55,7.06,7.13,4.13
  21  12,11.84,9.95,13.33,13.67,11.01,7.38,3.25,16.82,4.63,20.08,5.42,999.0,18.27,17.82,18.79,14.54,24.04,20.37,23.42,22.05,0.61,6.93,16.21,2.08,10.74,14.89,2.09,11.12,22.09,12.51,19.4,3.99,10.78,15.79,6.5,12.48,5.27,13.39,5.64,9.5,9.02,7.53,12.87,6.59,3.5,3.05,9.82,7.53,4.27,13.14,17.47,9.74,4.08,4.91,23.61,24.92,3.68,8.48,17.68,12.76,14.92,2.18,12.33,5.83,22.58,8.29,1.02,20.82,13.78,23.77,18.25,12.75,10.1,18.35,23.38,22.16,25.79,23.46,6.44,7.49,2.08,13.37,6.06,5.88,6.51,14.98,3.82,7.48,13.53,18.7,18.27,12.25,7.37,6.62,5.42,9.24,12.92,16.88,7.89,5.16,0.94,2.7,7.83,9.94,21.94,12.75,16.82,20.28,10.78,2.82,2.08,15.01,5.72,22.86,14.66,1.53,9.51,5.28,15.05,3.08,16.67,13.51,18.48,1.3,22.39,13.98,19.91,4.01,7.6,7.53,12.14,12.22,14.63,5.82,20.47,10.39,14.48,1.83,18.4,5.67,11.54,4.68,2.78,14.65,10.97,4.46,3.73,9.21,19.06,16.79,10.79,14.66,12.3,0.18,44.34,4.46,10.07,4.24,11.03,5.17,4.19,14.99,15.55,8.71,4.53,12.46,9.28,2.08,6.31,22.68,14.63,9.33,13.05,3.76,1.78,0.97,11.28,18.83,7.53,7.53,11.82,13.96,3.85,18.82,17.18,17.32,14.63,22.4,7.66,25.0,14.31,10.44,15.79,1.71,11.01,20.09,6.25,9.27,8.17,5.91
  22  13,6.81,9.22,16.45,5.42,11.85,11.49,15.03,16.03,14.84,17.11,12.87,18.27,999.0,7.05,3.19,15.85,20.61,2.19,26.63,22.59,18.21,15.47,13.0,16.53,15.32,3.39,17.37,19.25,18.29,16.4,13.24,14.52,18.36,6.33,18.03,5.83,16.01,5.29,12.65,19.08,15.68,10.99,5.4,11.7,15.72,16.33,13.81,10.99,14.74,13.23,4.19,13.43,14.62,14.62,21.43,20.8,15.38,14.18,15.2,7.42,15.39,16.31,7.15,14.15,18.69,11.05,17.26,3.77,7.94,20.85,0.69,5.6,8.88,2.77,20.69,18.54,21.89,22.48,11.84,14.93,16.53,8.47,13.44,17.05,18.51,4.58,16.65,16.08,4.75,2.28,0.01,6.08,17.17,12.28,12.87,15.47,12.3,4.29,17.13,15.32,17.35,16.58,16.31,8.34,23.43,5.6,16.03,2.51,18.36,16.01,16.53,6.44,18.42,20.62,4.92,16.76,9.99,13.5,13.55,16.14,2.79,15.64,16.77,16.97,18.13,15.16,34.79,16.74,14.85,10.99,11.75,7.23,6.37,12.75,4.98,18.59,15.9,17.97,0.42,17.47,8.43,13.79,16.22,12.98,8.77,16.49,15.17,9.47,4.47,2.34,15.86,4.92,6.84,18.3,32.59,16.49,8.22,15.43,8.31,15.55,14.1,13.22,2.75,9.57,15.55,6.86,16.83,16.53,13.54,20.13,6.37,11.67,6.25,16.27,16.78,18.26,8.67,10.48,10.99,10.99,19.62,4.42,17.43,3.14,8.86,1.36,6.37,21.66,10.97,22.44,9.15,9.28,14.63,18.56,11.85,3.82,17.36,14.76,16.32,14.84
  23  14,9.84,7.98,10.97,9.76,7.86,13.11,14.96,9.51,15.96,10.13,12.79,17.82,7.05,999.0,4.17,9.95,13.57,8.43,19.93,15.72,17.53,12.61,6.49,15.76,10.82,7.06,16.24,14.65,11.25,11.19,6.2,13.85,13.82,2.18,15.07,8.33,13.79,9.12,12.97,15.04,11.86,10.52,7.83,11.79,16.45,16.97,9.92,10.52,15.6,7.87,2.86,9.67,13.74,15.86,14.4,13.78,14.24,10.87,8.44,5.16,9.35,15.63,11.04,12.3,11.64,9.53,16.83,5.65,4.06,13.81,6.37,7.11,11.52,4.37,13.65,11.49,14.87,15.49,12.27,11.92,15.76,4.52,15.01,14.4,15.55,4.32,14.93,12.87,7.65,9.31,7.05,8.59,13.91,13.72,12.79,11.58,7.15,2.93,13.67,13.35,17.04,17.09,12.93,9.57,16.64,7.11,9.51,6.43,13.82,15.06,15.76,2.94,15.76,13.59,4.38,16.5,8.31,12.54,7.42,14.96,4.63,10.08,9.97,16.66,11.08,9.42,30.7,14.92,11.81,10.52,7.12,11.05,3.38,12.07,4.05,14.21,10.02,18.23,6.69,14.86,12.16,13.19,15.18,7.0,6.88,14.53,14.13,8.91,3.12,5.08,11.31,4.38,6.05,17.77,27.9,14.53,9.09,16.49,11.56,17.08,13.91,7.11,7.17,10.19,16.79,5.81,12.83,15.76,11.72,13.1,3.38,8.83,10.38,17.24,16.83,17.43,6.55,3.44,10.52,10.52,14.83,8.06,18.48,4.23,2.01,5.93,3.38,14.7,10.32,15.39,4.02,7.39,8.29,18.72,7.86,4.67,14.53,10.96,12.79,12.65
  24  15,8.44,9.0,14.59,7.59,10.57,12.73,15.65,13.58,15.97,14.29,13.41,18.79,3.19,4.17,999.0,13.76,17.61,4.27,24.08,19.89,18.63,14.84,10.53,16.88,13.93,4.88,17.57,17.87,15.34,14.68,10.31,14.85,17.0,4.24,17.41,7.09,15.68,7.19,13.36,17.97,14.61,11.26,6.56,12.26,16.71,17.29,12.66,11.26,15.75,11.37,1.72,12.32,14.86,15.8,18.51,17.75,15.53,13.31,12.59,6.5,13.22,16.69,9.22,13.94,15.71,10.85,17.77,2.09,6.38,17.89,2.51,6.28,10.47,0.56,17.75,15.59,18.82,19.64,12.57,14.22,16.88,6.95,14.74,16.55,17.9,3.83,16.57,15.3,6.06,5.44,3.19,7.38,16.4,13.48,13.41,14.36,10.51,2.2,16.26,15.09,17.92,17.49,15.46,9.22,20.8,6.28,13.58,2.33,17.0,16.26,16.88,4.7,17.95,17.72,4.17,17.33,9.64,13.67,11.31,16.29,2.23,13.73,14.13,17.53,15.13,13.15,33.78,16.62,14.12,11.26,10.18,9.28,4.85,13.01,2.06,17.31,13.83,18.8,2.78,17.0,10.49,14.13,16.43,10.81,8.21,16.29,15.36,9.6,1.28,2.33,14.45,4.17,6.54,18.79,29.71,16.29,8.92,16.56,10.15,16.88,14.63,10.99,4.58,10.26,16.76,6.43,15.7,16.88,13.32,17.22,4.85,10.91,8.38,17.37,17.5,18.61,7.99,7.51,11.26,11.26,18.15,6.1,18.59,0.07,6.14,2.56,4.85,18.87,11.16,19.46,7.2,8.77,12.29,19.35,10.57,1.3,16.79,13.68,15.4,14.49
  25  16,14.39,9.34,1.55,15.55,5.28,14.43,13.21,2.36,15.51,5.64,12.03,14.54,15.85,9.95,13.76,999.0,9.5,17.74,11.32,8.25,14.0,7.62,3.76,12.69,3.81,13.97,12.46,5.8,7.62,2.3,6.61,11.72,5.27,9.61,8.8,13.36,9.28,14.8,12.67,6.97,5.55,10.63,13.17,11.83,15.29,15.52,5.03,10.63,14.91,2.8,12.09,5.29,11.35,15.58,9.14,10.39,11.22,6.24,3.61,8.98,0.7,12.74,15.82,9.19,8.1,8.98,13.9,15.53,7.98,9.23,15.31,12.28,14.78,13.75,8.85,7.67,11.24,9.23,12.48,7.09,12.69,7.51,15.49,8.89,9.11,11.39,10.73,7.12,13.53,17.81,15.85,13.45,7.57,14.53,12.03,5.31,3.75,11.75,7.06,9.46,14.21,15.42,6.83,12.45,8.61,12.28,2.36,16.09,5.27,11.99,12.69,9.41,9.74,8.36,11.11,13.92,8.75,10.66,2.54,11.58,13.06,1.04,3.98,13.94,7.98,0.8,21.37,10.55,6.99,10.63,4.62,15.77,9.5,10.87,14.0,5.8,0.1,15.87,15.62,9.25,16.32,11.49,11.92,2.96,8.7,10.1,11.3,10.21,12.97,13.51,3.82,11.11,10.18,14.41,30.64,10.1,11.92,15.78,15.46,16.83,12.45,2.83,14.5,11.93,16.22,9.98,5.62,12.69,9.01,8.15,9.5,6.98,15.7,16.16,14.59,13.72,8.53,8.01,10.63,10.63,5.66,14.23,17.17,13.83,8.0,14.5,9.5,8.16,10.34,10.53,6.7,8.59,2.06,16.09,5.28,14.54,8.67,5.31,6.5,8.78
  26  17,21.87,17.54,10.79,22.48,13.97,23.16,22.57,7.25,24.74,4.2,21.17,24.04,20.61,13.57,17.61,9.5,999.0,21.84,9.06,4.85,23.5,17.11,8.94,22.17,13.3,20.14,21.95,14.26,2.4,11.61,7.4,21.09,14.08,14.76,18.13,20.53,18.77,21.74,21.74,15.8,15.03,19.44,20.16,20.76,24.63,24.9,14.39,19.44,24.15,11.33,16.43,14.58,20.74,24.77,1.57,1.05,20.67,15.67,6.76,15.97,9.14,22.21,23.29,18.59,1.95,17.79,23.38,18.54,14.47,0.63,19.93,19.27,22.85,17.9,0.96,2.2,1.75,3.14,21.41,16.57,22.17,14.3,24.51,18.34,18.38,17.2,20.22,16.6,20.27,22.88,20.61,20.71,16.96,23.42,21.17,14.8,11.93,16.43,16.43,18.94,23.69,24.83,16.29,20.49,6.07,19.27,7.25,19.67,14.08,21.47,22.17,15.07,19.07,1.58,17.07,23.38,17.19,19.94,9.54,21.06,18.12,10.53,5.61,23.41,2.49,10.08,26.93,20.05,16.48,19.44,12.93,23.26,15.4,20.03,16.67,14.61,9.56,25.34,20.25,18.67,24.1,20.78,21.4,10.12,16.57,19.59,20.74,18.57,16.39,18.59,13.28,17.07,17.33,23.9,22.28,19.59,19.92,25.06,23.31,26.05,21.75,9.73,20.43,20.34,25.48,17.07,14.98,22.17,18.34,1.46,15.4,15.87,22.89,25.51,24.04,23.21,16.28,10.13,19.44,19.44,13.79,20.86,26.57,17.68,11.88,19.49,15.4,3.3,19.15,1.87,12.98,16.69,8.5,25.58,13.97,17.71,18.09,14.79,15.96,18.24
  27  18,8.73,11.4,18.43,7.14,13.95,13.44,17.12,17.75,16.79,18.55,14.98,20.37,2.19,8.43,4.27,17.74,21.84,999.0,28.3,24.14,20.32,17.65,14.7,18.66,17.42,5.5,19.52,21.35,19.59,18.41,14.57,16.65,20.47,8.13,20.21,7.89,18.19,7.16,14.73,21.23,17.82,13.15,7.5,13.81,17.71,18.33,15.94,13.15,16.73,15.2,5.74,15.57,16.77,16.57,22.77,21.94,17.54,16.35,16.81,9.55,17.25,18.43,8.84,16.34,19.95,13.24,19.36,3.64,9.94,22.13,2.52,7.76,10.75,4.09,22.0,19.84,23.01,23.9,13.93,17.11,18.66,10.5,15.36,19.24,20.7,6.67,18.82,18.25,6.84,2.4,2.19,8.13,19.35,14.24,14.98,17.61,14.28,6.01,19.3,17.51,19.44,18.59,18.48,10.43,25.04,7.76,17.75,2.26,20.47,18.15,18.66,8.37,20.61,21.98,7.02,18.84,12.17,15.66,15.36,18.29,4.77,17.6,18.36,19.06,19.37,17.08,36.96,18.92,17.03,13.15,13.79,8.93,8.36,14.9,5.39,20.71,17.8,20.0,2.24,19.65,10.07,15.93,18.37,14.82,10.95,18.67,17.33,11.65,5.45,4.38,17.95,7.02,9.02,20.4,32.25,18.67,10.34,17.38,10.09,17.43,16.21,15.04,4.83,11.68,17.48,9.03,18.97,18.66,15.73,21.47,8.36,13.84,7.94,18.22,18.84,20.38,10.83,11.77,13.15,13.15,21.71,6.42,19.36,4.2,10.37,3.46,8.36,23.13,13.14,23.69,11.06,11.46,16.4,20.59,13.95,4.22,19.55,16.9,18.48,17.02
  28  19,25.7,20.61,11.5,26.85,16.53,25.32,23.17,10.61,25.74,10.17,22.57,23.42,26.63,19.93,24.08,11.32,9.06,28.3,999.0,4.54,22.82,17.24,13.63,22.05,13.99,25.14,21.43,12.3,10.1,12.07,14.21,21.77,12.72,20.31,16.92,24.68,18.63,26.1,23.28,13.93,15.2,21.6,24.47,22.64,25.24,25.29,15.73,21.6,25.1,14.11,22.56,16.09,21.35,25.87,7.5,9.87,20.93,16.59,11.49,20.22,11.56,22.2,27.13,19.34,10.04,20.01,23.11,25.5,19.07,8.44,26.02,23.58,25.99,24.21,8.23,9.85,9.58,5.92,23.26,17.0,22.05,18.66,26.05,17.65,16.93,22.4,19.85,16.42,24.8,28.74,26.63,24.76,16.18,25.28,22.57,15.12,15.05,22.35,15.68,19.13,23.43,25.1,16.0,23.71,3.39,23.58,10.61,26.37,12.72,21.51,22.05,20.29,17.72,7.81,22.16,23.34,19.97,21.01,13.21,21.01,23.87,11.97,9.97,23.27,10.57,12.11,19.57,19.61,16.95,21.6,15.94,27.07,20.47,21.44,23.72,13.06,11.3,25.11,26.34,17.79,27.58,21.76,21.34,13.83,20.02,19.25,21.1,21.41,23.04,24.34,13.63,22.16,21.47,23.25,29.67,19.25,23.19,25.86,26.72,26.99,22.66,13.53,25.62,23.08,26.31,21.26,14.48,22.05,19.38,8.29,20.47,18.06,27.01,26.04,24.09,22.47,19.85,16.89,21.6,21.6,11.61,25.49,26.82,24.15,17.94,25.33,20.47,6.03,21.32,7.82,17.65,19.88,12.06,25.13,16.53,24.56,17.22,15.52,15.68,18.66
  29  20,22.39,17.5,8.97,23.35,13.49,22.68,21.2,6.85,23.62,5.72,20.21,22.05,22.59,15.72,19.89,8.25,4.85,24.14,4.54,999.0,21.46,15.33,9.69,20.4,11.66,21.4,19.97,11.28,5.57,9.71,9.79,19.72,11.38,16.32,15.69,21.23,16.9,22.6,20.87,12.95,13.19,18.88,20.97,20.07,23.3,23.45,13.18,18.88,23.0,10.86,18.44,13.49,19.33,23.71,3.33,5.81,19.07,14.28,7.4,16.65,8.27,20.5,23.83,17.2,5.54,17.23,21.56,21.2,15.35,4.22,21.95,20.05,22.95,20.06,3.93,5.33,5.86,2.0,20.72,14.94,20.4,15.02,23.69,16.17,15.83,18.56,18.27,14.63,21.22,24.76,22.59,21.35,14.69,22.77,20.21,13.03,11.72,18.29,14.16,17.25,21.87,23.32,14.25,20.6,1.24,20.05,6.85,22.13,11.38,19.77,20.4,16.4,16.59,3.41,18.35,21.68,16.95,18.77,9.57,19.3,19.88,9.14,5.82,21.66,6.06,9.03,22.27,18.06,14.86,18.88,12.69,23.79,16.63,19.05,19.39,11.84,8.27,23.57,22.27,16.41,24.43,19.58,19.64,10.22,16.74,17.64,19.19,18.41,18.8,20.35,11.44,18.35,17.97,21.89,26.7,17.64,20.05,23.84,23.58,24.92,20.53,9.87,21.83,20.16,24.28,17.74,12.77,20.4,17.11,3.84,16.63,15.23,23.61,24.15,22.39,21.14,16.52,12.54,18.88,18.88,10.67,21.88,25.07,19.95,13.77,21.32,16.63,1.58,18.6,4.19,13.87,16.7,8.37,23.7,13.49,20.28,15.82,13.25,13.91,16.66
  30  21,11.88,9.72,12.77,13.73,10.58,7.52,3.27,16.3,4.96,19.55,5.34,0.61,18.21,17.53,18.63,14.0,23.5,20.32,22.82,21.46,999.0,6.39,15.74,1.77,10.19,14.83,1.54,10.52,21.56,11.95,18.95,3.78,10.18,15.53,5.9,12.44,4.73,13.41,5.64,8.89,8.47,7.37,12.82,6.52,3.87,3.47,9.33,7.37,4.55,12.65,17.27,9.26,3.81,5.23,23.05,24.38,3.31,7.99,17.17,12.51,14.4,1.94,12.43,5.42,22.06,8.01,1.05,20.67,13.48,23.22,18.17,12.66,10.21,18.2,22.83,21.63,25.25,22.88,6.42,6.98,1.77,13.06,6.33,5.3,5.9,14.81,3.28,6.92,13.49,18.71,18.21,12.22,6.78,6.79,5.34,8.69,12.47,16.68,7.31,4.68,1.15,3.13,7.26,9.9,21.35,12.66,16.3,20.17,10.18,2.47,1.77,14.76,5.11,22.31,14.48,1.65,9.25,5.02,14.56,2.65,16.53,12.97,17.95,1.41,21.88,13.45,19.51,3.45,7.08,7.37,11.71,12.32,14.39,5.62,20.27,9.79,13.94,2.41,18.33,5.07,11.7,4.5,2.38,14.18,10.71,3.91,3.4,9.03,18.86,16.66,10.23,14.48,12.11,0.43,43.9,3.91,10.0,4.62,11.15,5.61,4.12,14.51,15.5,8.64,4.95,12.26,8.7,1.77,5.92,22.14,14.39,8.95,13.12,4.22,2.11,0.36,11.02,18.45,7.37,7.37,11.21,13.94,4.41,18.66,16.83,17.22,14.39,21.83,7.47,24.44,13.96,10.18,15.29,2.32,10.58,19.92,5.66,8.74,7.6,5.43
  31  22,10.84,6.29,6.45,12.58,4.84,8.58,5.95,9.9,8.5,13.17,5.55,6.93,15.47,12.61,14.84,7.62,17.11,17.65,17.24,15.33,6.39,999.0,9.54,5.1,3.81,12.42,4.85,5.36,15.17,5.65,12.82,4.53,4.68,10.97,2.58,10.58,1.66,11.98,6.29,4.28,2.15,5.47,10.72,5.98,8.03,8.14,3.09,5.47,7.87,6.4,13.21,3.15,4.11,8.64,16.71,17.99,3.74,1.82,10.81,8.34,8.0,5.18,12.0,2.23,15.66,4.57,6.29,16.93,8.7,16.85,15.19,10.13,10.16,14.54,16.46,15.24,18.86,16.63,6.5,0.7,5.1,8.16,8.93,1.79,3.07,11.17,3.12,0.89,11.33,16.69,15.47,10.49,1.8,8.35,5.55,2.33,6.39,12.66,1.99,1.93,6.61,7.99,1.32,8.45,15.35,10.13,9.9,16.83,4.68,4.44,5.1,10.29,3.16,15.95,10.81,6.36,5.49,3.92,8.28,3.99,13.11,6.58,11.56,6.36,15.49,7.06,19.38,2.96,0.82,5.47,5.84,11.91,10.04,4.54,16.05,4.51,7.55,8.29,15.44,2.25,11.91,4.59,4.33,7.96,6.73,2.5,3.89,6.34,14.68,13.4,3.91,10.81,8.63,6.79,37.71,2.5,8.17,8.63,11.09,9.76,5.45,8.26,13.11,7.32,9.08,8.63,2.78,5.1,2.52,15.76,10.04,3.93,12.32,8.86,7.07,6.12,6.89,12.74,5.47,5.47,6.03,11.99,9.74,14.88,11.44,14.22,10.04,15.56,5.3,18.1,8.65,6.2,8.92,8.48,4.84,16.03,1.96,2.36,1.59,1.44
  32  23,13.02,8.61,5.13,13.79,5.34,14.28,14.2,3.05,16.12,4.78,12.53,16.21,13.0,6.49,10.53,3.76,8.94,14.7,13.63,9.69,15.74,9.54,999.0,14.18,6.25,11.72,14.23,9.33,6.6,5.65,3.3,12.76,8.65,6.68,11.39,11.74,11.14,13.04,13.04,10.23,7.87,10.63,11.42,11.99,16.17,16.51,6.46,10.63,15.57,3.14,8.95,6.49,12.47,16.12,9.22,9.56,12.59,7.79,2.35,7.13,3.08,14.17,14.45,10.42,7.1,9.03,15.4,12.13,5.72,8.94,12.39,10.51,13.91,10.62,8.65,6.77,10.6,9.92,12.63,8.87,14.18,5.46,15.74,11.16,11.79,8.87,12.57,9.35,11.61,15.12,13.0,11.89,10.11,14.59,12.53,7.58,3.31,8.73,9.69,11.07,15.68,16.5,9.19,11.54,10.45,10.51,3.05,12.85,8.65,13.44,14.18,6.72,12.28,8.37,8.66,15.28,8.3,11.51,1.42,13.13,10.24,4.27,3.9,15.36,6.73,3.51,25.12,12.45,8.76,10.63,4.21,14.42,6.95,11.45,10.49,9.14,3.86,17.23,12.71,11.59,15.2,12.33,13.44,1.58,7.63,11.99,12.6,9.65,9.6,10.71,6.55,8.66,8.49,16.1,28.18,11.99,10.98,16.5,14.4,17.42,13.27,1.31,12.14,11.42,16.9,8.24,8.41,14.18,10.04,7.97,6.95,7.23,14.12,17.04,15.85,15.52,7.34,4.25,10.63,10.63,9.29,12.26,18.18,10.6,4.48,11.7,6.95,8.97,10.34,10.48,4.22,7.76,1.85,17.57,5.34,11.16,11.08,7.24,8.93,10.31
  33  24,10.34,7.95,11.55,12.2,8.95,6.23,1.94,14.93,4.32,18.15,3.7,2.08,16.53,15.76,16.88,12.69,22.17,18.66,22.05,20.4,1.77,5.1,14.18,999.0,8.9,13.16,1.08,9.8,20.16,10.75,17.35,2.03,9.34,13.76,5.28,10.81,3.5,11.84,4.1,8.27,7.24,5.62,11.16,4.86,3.43,3.31,7.85,5.62,3.76,11.14,15.5,7.74,2.04,4.55,21.8,23.03,1.6,6.52,15.72,10.73,13.03,0.28,11.0,3.77,20.66,6.25,1.22,18.92,11.72,21.92,16.47,10.96,8.79,16.45,21.54,20.24,23.92,21.73,4.85,5.6,0.01,11.3,5.42,4.41,5.42,13.05,2.21,5.77,11.83,17.11,16.53,10.6,5.88,5.58,3.7,7.43,10.88,14.92,6.38,3.23,1.52,3.08,6.16,8.26,20.37,10.96,14.93,18.45,9.34,0.74,0.01,12.99,4.7,21.04,12.72,1.29,7.48,3.24,13.05,1.11,14.79,11.66,16.58,1.26,20.45,12.09,20.37,2.45,5.69,5.62,10.09,10.89,12.61,3.86,18.5,9.01,12.63,3.19,16.63,4.33,10.37,2.76,0.77,12.64,8.94,2.81,1.65,7.28,17.09,14.93,9.01,12.72,10.35,2.01,42.28,2.81,8.32,4.18,9.76,5.31,2.53,12.98,13.84,6.99,4.6,10.49,7.66,0.01,4.23,20.84,12.61,7.25,11.64,4.1,2.03,1.74,9.25,16.75,5.62,5.62,10.5,12.31,4.76,16.91,15.1,15.51,12.61,20.66,5.72,23.19,12.23,8.41,13.84,3.42,8.95,18.17,4.86,7.38,6.49,3.94
  34  25,12.27,7.12,2.69,13.74,3.47,11.33,9.55,6.12,11.97,9.4,8.63,10.74,15.32,10.82,13.93,3.81,13.3,17.42,13.99,11.66,10.19,3.81,6.25,8.9,999.0,12.79,8.65,3.95,11.4,1.96,9.53,8.07,3.07,9.72,5.19,11.56,5.47,13.04,9.32,4.24,1.75,7.64,11.52,8.65,11.65,11.83,1.82,7.64,11.35,3.24,12.21,2.22,7.68,12.07,12.9,14.19,7.47,2.64,7.13,7.91,4.23,8.97,13.64,5.54,11.89,6.13,10.1,15.92,7.56,13.03,14.9,10.72,12.2,13.76,12.65,11.46,15.05,12.86,9.28,3.32,8.9,6.99,12.12,5.12,5.56,10.75,6.92,3.33,12.01,16.96,15.32,11.57,3.91,11.3,8.63,1.51,3.71,11.74,3.46,5.69,10.42,11.71,3.07,10.05,11.79,10.72,6.12,16.15,3.07,8.22,8.9,9.23,6.1,12.14,10.41,10.15,6.35,7.13,4.86,7.79,12.66,2.77,7.77,10.16,11.74,3.3,19.91,6.75,3.23,7.64,3.76,13.56,9.14,7.48,14.7,3.4,3.74,12.09,15.19,5.51,13.88,7.93,8.13,4.73,6.91,6.29,7.58,7.71,13.45,13.04,0.54,10.41,8.77,10.6,34.19,6.29,9.6,12.18,13.01,13.27,8.87,4.94,13.42,9.24,12.63,8.65,2.18,8.9,5.47,11.95,9.14,4.31,13.71,12.5,10.84,9.91,6.88,10.04,7.64,7.64,4.3,12.72,13.46,13.98,9.23,13.98,9.14,11.79,7.38,14.29,6.86,6.57,5.28,12.3,3.47,14.95,4.96,1.59,2.77,5.04
  35  26,3.62,6.13,14.3,2.8,9.35,8.17,11.65,14.6,11.51,16.27,9.49,14.89,3.39,7.06,4.88,13.97,20.14,5.5,25.14,21.4,14.83,12.42,11.72,13.16,12.79,999.0,14.02,16.61,17.75,14.11,12.8,11.15,15.72,5.4,14.94,2.46,12.81,2.32,9.26,16.25,12.88,7.67,2.02,8.32,12.37,12.97,11.13,7.67,11.38,11.2,4.58,10.73,11.27,11.31,20.74,20.49,12.05,11.3,14.06,5.02,13.62,12.93,4.36,10.94,18.19,7.89,13.88,6.47,6.08,20.28,3.44,2.31,5.69,4.32,20.06,17.97,21.59,21.59,8.45,11.93,13.16,6.48,10.16,13.91,15.41,2.94,13.36,13.09,1.37,4.28,3.39,2.73,14.17,8.96,9.49,12.7,10.24,4.24,14.19,12.1,13.97,13.21,13.36,4.95,22.11,2.31,14.6,5.58,15.72,12.65,13.16,5.09,15.26,19.89,3.08,13.37,6.93,10.17,11.94,12.8,2.78,13.57,15.62,13.59,17.68,13.21,31.8,13.47,11.87,7.67,9.51,4.41,4.79,9.41,6.93,15.89,14.01,14.6,3.54,14.31,5.62,10.43,12.87,11.31,5.93,13.24,11.83,6.22,5.82,2.55,13.32,3.08,4.02,14.91,34.4,13.24,4.84,12.1,5.29,12.28,10.71,11.62,0.7,6.19,12.25,4.14,14.05,13.16,10.34,19.43,4.79,8.8,3.54,12.94,13.4,14.88,5.91,10.3,7.67,7.67,17.05,1.22,14.12,4.87,8.33,2.6,4.79,20.68,7.66,21.88,7.53,6.36,13.11,15.18,9.35,6.07,14.26,12.0,13.41,11.66
  36  27,11.31,8.58,11.23,13.17,9.12,7.29,3.02,14.75,5.35,18.01,4.64,2.09,17.37,16.24,17.57,12.46,21.95,19.52,21.43,19.97,1.54,4.85,14.23,1.08,8.65,14.02,999.0,9.13,20.02,10.42,17.45,2.88,8.75,14.3,4.53,11.7,3.18,12.78,5.11,7.55,6.93,6.39,12.04,5.77,4.4,4.2,7.79,6.39,4.81,11.13,16.15,7.74,2.75,5.59,21.51,22.84,2.05,6.46,15.63,11.31,12.85,1.36,12.02,3.99,20.51,6.8,1.71,19.64,12.19,21.68,17.28,11.78,9.82,17.17,21.29,20.09,23.7,21.37,5.83,5.43,1.08,11.74,6.49,3.82,4.6,13.74,1.73,5.39,12.7,18.03,17.37,11.5,5.3,6.65,4.64,7.15,10.97,15.56,5.83,3.16,2.01,3.92,5.74,9.17,19.88,11.78,14.75,19.22,8.75,1.37,1.08,13.53,3.84,20.77,13.4,2.08,8.04,3.91,13.03,1.29,15.53,11.42,16.41,1.94,20.33,11.91,19.29,1.92,5.54,6.39,10.24,11.91,13.18,4.63,19.13,8.37,12.39,3.68,17.45,3.64,11.42,3.59,1.15,12.66,9.51,2.37,2.22,8.0,17.72,15.7,8.7,13.4,11.03,1.95,42.39,2.37,9.18,5.16,10.79,6.27,3.54,12.99,14.7,7.88,5.57,11.15,7.2,1.08,4.54,20.59,13.18,7.55,12.64,4.99,2.82,1.29,9.8,17.02,6.39,6.39,9.83,13.21,5.49,17.61,15.46,16.31,13.18,20.31,6.45,22.9,12.58,8.96,13.75,3.74,9.12,18.85,4.21,7.2,6.08,3.92
  37  28,15.73,10.71,4.27,17.33,7.4,13.94,11.09,7.97,13.71,11.03,10.92,11.12,19.25,14.65,17.87,5.8,14.26,21.35,12.3,11.28,10.52,5.36,9.33,9.8,3.95,16.61,9.13,999.0,12.85,3.68,12.39,9.78,0.89,13.65,4.62,15.19,6.48,16.65,11.65,1.68,3.86,10.61,15.21,11.3,13.09,13.08,5.48,10.61,13.07,6.82,16.15,5.88,9.35,13.87,13.44,15.26,8.81,5.53,9.37,11.83,6.48,9.97,17.01,7.59,13.28,9.36,10.82,19.86,11.51,13.84,18.84,14.47,15.33,17.71,13.43,12.83,15.92,12.93,11.85,5.39,9.8,10.94,14.26,5.39,4.66,14.69,7.59,4.47,15.74,20.83,19.25,15.16,3.96,13.71,10.92,3.97,7.51,15.69,3.51,7.1,11.14,12.87,4.05,13.39,10.98,14.47,7.97,20.1,0.89,9.3,9.8,13.18,5.44,12.83,14.34,11.08,9.9,9.29,7.93,8.79,16.6,5.07,9.37,11.0,13.3,5.83,16.05,7.35,5.39,10.61,7.7,16.92,13.09,9.89,18.59,0.85,5.7,12.81,19.12,5.49,17.07,9.92,9.11,8.04,10.69,7.01,9.01,11.1,17.36,16.98,3.42,14.34,12.59,10.95,36.14,7.01,13.01,13.76,16.22,14.91,10.74,8.12,17.26,12.4,14.21,12.5,2.74,9.8,7.83,12.8,13.09,7.88,17.19,13.85,11.83,10.17,10.7,13.46,10.61,10.61,0.7,16.44,14.56,17.93,12.94,17.91,13.09,11.93,10.4,14.77,10.76,10.29,7.83,12.83,7.4,18.88,4.94,4.65,3.8,6.79
  38  29,19.48,15.21,9.04,20.08,11.74,20.87,20.46,5.28,22.55,2.01,18.97,22.09,18.29,11.25,15.34,7.62,2.4,19.59,10.1,5.57,21.56,15.17,6.6,20.16,11.4,17.75,20.02,12.85,999.0,9.86,5.05,18.98,12.56,12.38,16.4,18.13,16.84,19.35,19.52,14.3,13.15,17.17,17.77,18.51,22.49,22.79,12.33,17.17,21.98,9.16,14.1,12.48,18.65,22.57,3.2,2.96,18.63,13.64,4.52,13.58,7.17,20.19,20.9,16.52,0.51,15.54,21.38,16.36,12.07,2.56,17.62,16.87,20.49,15.6,2.42,0.26,4.0,4.54,19.16,14.6,20.16,11.91,22.26,16.51,16.69,14.81,18.29,14.72,17.87,20.55,18.29,18.31,15.18,21.15,18.97,12.9,9.69,14.08,14.67,16.94,21.69,22.73,14.45,18.13,6.77,16.87,5.28,17.45,12.56,19.45,20.16,12.68,17.34,2.49,14.68,21.35,14.89,17.8,7.3,19.07,15.76,8.65,3.64,21.39,0.54,8.11,26.59,18.13,14.49,17.17,10.67,20.87,13.0,17.84,14.5,13.1,7.7,23.32,17.94,16.87,21.72,18.64,19.4,7.86,14.22,17.67,18.69,16.25,14.14,16.23,11.45,14.68,14.94,21.96,23.3,17.67,17.56,22.89,20.93,23.86,19.6,7.47,18.05,18.02,23.31,14.68,13.22,20.16,16.23,1.96,13.0,13.65,20.49,23.37,21.99,21.3,13.93,7.83,17.17,17.17,12.47,18.46,24.46,15.4,9.52,17.14,13.0,4.09,16.88,4.15,10.59,14.36,6.35,23.58,11.74,15.5,16.29,12.82,14.12,16.23
  39  30,13.94,8.77,0.83,15.31,4.81,13.26,11.48,4.65,13.92,7.9,10.59,12.51,16.4,11.19,14.68,2.3,11.61,18.41,12.07,9.71,11.95,5.65,5.65,10.75,1.96,14.11,10.42,3.68,9.86,999.0,8.75,10.01,3.03,10.44,6.55,13.11,7.27,14.58,11.28,4.69,3.51,9.53,13.01,10.58,13.58,13.74,3.67,9.53,13.3,3.33,12.96,4.04,9.62,14.02,11.1,12.55,9.37,4.6,5.9,9.12,2.92,10.83,15.33,7.49,10.33,7.97,11.93,16.58,8.47,11.3,15.92,12.18,14.01,14.58,10.9,9.89,13.35,10.98,11.21,5.23,10.75,7.92,14.08,6.73,6.84,11.82,8.69,5.03,13.46,18.18,16.4,13.14,5.35,13.25,10.59,3.33,4.17,12.54,4.83,7.56,12.25,13.61,4.69,11.79,9.83,12.18,4.65,16.97,3.03,10.09,10.75,10.07,7.49,10.37,11.5,12.01,8.05,9.09,4.25,9.64,13.65,1.41,6.23,12.01,10.25,2.17,19.61,8.5,5.15,9.53,4.65,15.26,10.06,9.43,15.2,3.54,2.21,13.94,16.22,7.06,15.65,9.88,9.98,4.38,8.39,8.05,9.49,9.46,14.05,14.07,1.74,11.5,10.13,12.36,32.94,8.05,11.31,14.13,14.79,15.22,10.83,4.45,14.71,11.07,14.58,9.98,3.37,10.75,7.43,10.22,10.06,6.06,15.34,14.43,12.72,11.65,8.31,9.8,9.53,9.53,3.7,14.17,15.37,14.74,9.39,15.04,10.06,9.91,9.26,12.49,7.47,8.13,4.21,14.11,4.81,15.6,6.47,3.55,4.36,6.95
  40  31,14.82,11.09,8.12,15.24,8.41,16.83,17.22,4.87,18.98,4.08,15.42,19.4,13.24,6.2,10.31,6.61,7.4,14.57,14.21,9.79,18.95,12.82,3.3,17.35,9.53,12.8,17.45,12.39,5.05,8.75,999.0,15.82,11.78,7.4,14.69,13.41,14.4,14.53,15.86,13.42,11.17,13.37,13.0,14.75,19.12,19.51,9.73,13.37,18.46,6.43,9.05,9.73,15.56,18.95,8.21,7.69,15.75,11.05,3.37,9.01,5.92,17.31,16.2,13.58,5.46,11.85,18.56,11.45,7.45,7.61,12.57,12.13,16.05,10.56,7.46,5.3,8.79,9.35,15.36,12.14,17.35,7.42,18.44,14.45,15.09,9.86,15.81,12.64,13.03,15.5,13.24,13.61,13.41,17.23,15.42,10.88,6.48,9.03,12.98,14.29,18.83,19.52,12.49,13.75,10.83,12.13,4.87,12.47,11.78,16.6,17.35,7.78,15.58,7.41,9.77,18.4,10.96,14.53,4.67,16.32,10.72,7.34,4.46,18.49,4.91,6.59,27.85,15.7,12.02,13.37,7.27,16.19,8.15,14.39,9.62,12.29,6.71,20.34,12.89,14.88,17.12,15.35,16.62,4.87,9.99,15.24,15.74,12.16,9.14,11.19,9.81,9.77,10.34,19.3,24.95,15.24,13.19,19.4,16.38,20.25,16.26,4.6,13.06,13.86,19.78,10.07,11.68,17.35,13.15,6.91,8.15,10.22,15.72,19.99,18.94,18.74,9.67,2.81,13.37,13.37,12.27,13.59,21.16,10.37,4.5,12.09,8.15,8.63,13.09,9.2,6.08,10.26,4.57,20.7,8.41,10.56,14.38,10.53,12.23,13.52
  41  32,8.45,5.96,10.76,10.31,7.43,4.73,1.49,13.84,3.97,16.98,1.8,3.99,14.52,13.85,14.85,11.72,21.09,16.65,21.77,19.72,3.78,4.53,12.76,2.03,8.07,11.15,2.88,9.78,18.98,10.01,15.82,999.0,9.17,11.81,5.69,8.82,3.34,9.91,2.37,8.45,6.6,3.59,9.16,2.89,3.58,3.81,6.71,3.59,3.33,9.84,13.49,6.51,0.42,4.11,20.85,21.9,1.18,5.48,14.48,8.77,11.97,1.84,9.22,2.53,19.49,4.33,2.99,16.89,9.82,20.89,14.44,8.93,7.05,14.42,20.52,19.08,22.84,20.91,3.01,4.8,2.03,9.44,4.52,4.61,5.99,11.02,2.8,5.37,9.83,15.15,14.52,8.62,5.85,4.24,1.8,6.72,9.45,12.9,6.27,2.68,3.19,3.75,5.8,6.29,19.81,8.93,13.84,16.41,9.17,1.51,2.03,11.03,5.43,20.05,10.7,2.66,5.54,1.33,11.74,1.77,12.76,10.72,15.48,2.81,19.23,11.05,21.84,3.01,4.87,3.59,8.58,9.11,10.65,1.84,16.49,8.94,11.67,4.53,14.61,4.74,8.72,0.73,1.75,11.26,6.99,3.09,0.92,5.25,15.08,12.9,8.29,10.7,8.33,3.96,40.69,3.09,6.31,4.12,8.03,5.23,0.98,11.63,11.83,5.0,4.57,8.48,7.3,2.03,2.75,19.81,10.65,5.61,9.8,4.45,3.12,3.77,7.3,15.02,3.59,3.59,10.47,10.33,5.48,14.88,13.29,13.49,10.65,19.84,3.69,22.23,10.45,6.47,12.63,4.94,7.43,16.14,5.1,6.48,6.11,3.11
  42  33,14.88,9.83,3.71,16.46,6.51,13.2,10.52,7.52,13.12,10.68,10.22,10.78,18.36,13.82,17.0,5.27,14.08,20.47,12.72,11.38,10.18,4.68,8.65,9.34,3.07,15.72,8.75,0.89,12.56,3.03,11.78,9.17,999.0,12.79,4.33,14.32,5.93,15.78,10.95,1.75,3.02,9.81,14.33,10.55,12.55,12.58,4.59,9.81,12.49,6.03,15.28,5.0,8.74,13.27,13.35,15.07,8.25,4.69,8.87,10.94,5.92,9.49,16.17,6.89,13.0,8.53,10.41,18.99,10.64,13.69,17.95,13.58,14.52,16.84,13.28,12.55,15.78,12.95,11.11,4.64,9.34,10.06,13.6,4.94,4.46,13.8,7.14,3.8,14.86,19.94,18.36,14.29,3.46,13.01,10.22,3.11,6.68,14.81,2.97,6.49,10.73,12.39,3.37,12.55,11.18,13.58,7.52,19.22,0.01,8.8,9.34,12.3,5.21,12.7,13.45,10.62,9.03,8.6,7.24,8.29,15.71,4.44,9.0,10.56,12.99,5.2,16.88,6.9,4.63,9.81,6.83,16.09,12.21,9.16,17.74,0.54,5.17,12.42,18.24,5.11,16.26,9.26,8.62,7.31,9.8,6.53,8.44,10.25,16.51,16.09,2.55,13.45,11.7,10.62,35.8,6.53,12.16,13.2,15.4,14.35,10.11,7.42,16.37,11.58,13.65,11.61,1.95,9.34,7.09,12.64,12.21,7.0,16.34,13.34,11.37,9.85,9.81,12.74,9.81,9.81,1.41,15.56,14.1,17.06,12.15,17.02,12.21,11.92,9.59,14.71,9.91,9.4,7.24,12.47,6.51,18.02,4.53,3.78,3.09,6.12
  43  34,7.8,5.87,10.37,7.92,6.44,10.93,12.87,9.7,13.8,10.98,10.67,15.79,6.33,2.18,4.24,9.61,14.76,8.13,20.31,16.32,15.53,10.97,6.68,13.76,9.72,5.4,14.3,13.65,12.38,10.44,7.4,11.81,12.79,999.0,13.5,6.3,12.01,7.24,10.83,13.82,10.5,8.4,5.83,9.65,14.31,14.83,8.54,8.4,13.44,7.14,2.52,8.23,11.72,13.69,15.41,15.1,12.27,9.32,8.92,3.05,9.12,13.61,9.06,10.42,12.81,7.52,14.8,6.21,2.27,14.92,5.74,5.05,9.39,4.16,14.72,12.6,16.19,16.35,10.11,10.31,13.76,2.83,12.83,12.74,13.99,2.47,13.07,11.33,5.74,8.44,6.33,6.55,12.41,11.54,10.67,10.24,6.27,2.14,12.23,11.52,14.99,14.96,11.45,7.4,17.13,5.05,9.7,6.53,12.79,13.07,13.76,0.78,14.12,14.57,2.42,14.44,6.28,10.52,7.24,13.01,3.57,9.52,10.5,14.6,12.29,8.96,29.61,13.08,10.2,8.4,5.96,9.07,1.21,10.0,5.1,13.11,9.68,16.13,6.06,13.19,10.13,11.13,13.21,6.69,4.82,12.71,12.14,6.77,3.76,4.04,10.24,2.42,3.87,15.75,30.06,12.71,6.91,14.33,9.49,14.9,11.82,6.91,5.67,8.02,14.62,3.63,11.56,13.76,9.82,14.11,1.21,7.08,8.48,15.08,14.74,15.45,4.51,4.96,8.4,8.4,13.92,6.24,16.32,4.3,2.93,5.02,1.21,15.48,8.22,16.52,2.97,5.35,8.31,16.63,6.44,5.24,12.92,9.57,11.36,10.84
  44  35,13.14,8.83,7.37,14.93,7.23,10.3,6.79,11.16,9.41,14.44,7.19,6.5,18.03,15.07,17.41,8.8,18.13,20.21,16.92,15.69,5.9,2.58,11.39,5.28,5.19,14.94,4.53,4.62,16.4,6.55,14.69,5.69,4.33,13.5,999.0,13.01,2.45,14.37,7.9,3.02,3.53,7.7,13.18,7.91,8.67,8.59,5.24,7.7,8.8,8.29,15.78,5.43,5.29,9.61,17.52,19.08,4.57,4.2,12.29,10.92,9.33,5.48,14.21,4.21,16.87,7.05,6.23,19.5,11.23,17.79,17.77,12.64,12.23,17.12,17.39,16.43,19.86,17.21,8.31,3.2,5.28,10.68,10.2,1.13,0.49,13.75,3.11,2.21,13.81,19.2,18.03,12.9,1.28,9.9,7.19,3.82,8.49,15.23,1.74,3.23,6.54,8.35,2.23,10.76,15.51,12.64,11.16,19.41,4.33,4.88,5.28,12.84,0.94,16.83,13.39,6.53,8.04,5.65,10.03,4.36,15.69,7.79,12.77,6.43,16.78,8.42,16.9,2.86,3.3,7.7,8.11,14.11,12.61,6.41,18.59,3.9,8.72,8.2,18.0,0.97,13.98,6.04,4.65,9.84,9.31,2.63,4.81,8.78,17.23,15.98,5.01,13.39,11.2,6.33,39.37,2.63,10.53,9.38,13.2,10.53,6.67,10.09,15.63,9.55,9.82,11.21,3.18,5.28,4.72,16.72,12.61,6.51,14.61,9.38,7.28,5.55,9.47,14.93,7.7,7.7,5.32,14.45,10.0,17.46,13.8,16.79,12.61,16.17,7.58,18.9,11.07,8.77,10.45,8.21,7.23,18.6,0.69,4.27,2.47,3.37
