GAMS 47.5.0  d6b95593 Aug 29, 2024          WEX-WEI x86 64bit/MS Windows - 09/08/24 12:42:29 Page 1
G e n e r a l   A l g e b r a i c   M o d e l i n g   S y s t e m
C o m p i l a t i o n


   1  *Cambia el número de i dependiendo de la cantidad de nodos que tengas en el problema
   2  Set
   3  i /1*200/;
   4  alias (i,j);
   5  *Cambia el nombre del csv que estes usando
   6  Table c(i,j)
INCLUDE    C:\Users\rcorr\Desktop\Development\MA2015.101\reto\dist_matrix9.csv
   9  ,1,2,3,4,5,6,7,8,9,10,11,12,13,14,15,16,17,18,19,20,21,22,23,24,25,26,27,28,29,30,31,32,33,34,35,36,37,38,39,40,41,42,43,44,45,46,47,48,49,50,51,52,53,54,55,56,57,58,59,60,61,62,63,64,65,66,67,68,69,70,71,72,73,74,75,76,77,78,79,80,81,82,83,84,85,86,87,88,89,90,91,92,93,94,95,96,97,98,99,100,101,102,103,104,105,106,107,108,109,110,111,112,113,114,115,116,117,118,119,120,121,122,123,124,125,126,127,128,129,130,131,132,133,134,135,136,137,138,139,140,141,142,143,144,145,146,147,148,149,150,151,152,153,154,155,156,157,158,159,160,161,162,163,164,165,166,167,168,169,170,171,172,173,174,175,176,177,178,179,180,181,182,183,184,185,186,187,188,189,190,191,192,193,194,195,196,197,198,199,200
  10  1,999.0,8.09,6.71,10.83,16.17,6.99,0.1,10.61,9.02,9.55,16.78,12.15,9.4,13.89,9.55,15.68,12.46,11.93,8.07,11.93,10.38,11.67,14.4,8.72,7.81,15.36,17.8,9.3,5.54,11.86,8.91,15.49,6.21,13.56,3.1,13.88,9.26,3.03,2.92,5.47,14.82,8.81,10.33,0.97,13.41,8.27,13.36,17.12,14.01,16.14,14.98,11.3,4.06,5.56,15.9,8.03,14.26,15.0,13.04,5.25,16.0,8.72,10.2,12.42,13.86,3.92,30.73,12.45,3.67,5.24,11.3,16.11,12.41,17.28,10.61,2.82,15.19,9.35,3.74,13.72,15.57,17.26,11.15,13.83,15.9,8.97,11.99,12.49,8.15,15.25,0.8,15.54,3.78,12.68,16.4,6.43,5.28,16.78,13.83,16.32,14.86,9.01,9.46,16.95,14.66,13.94,12.08,12.63,9.21,9.14,14.41,2.73,10.66,8.55,7.82,3.86,14.07,3.74,9.55,3.74,8.05,6.19,6.75,8.0,12.63,2.45,17.85,8.23,15.74,10.95,3.7,14.92,2.45,8.21,11.6,15.84,15.46,14.08,16.51,15.62,8.59,10.61,2.16,13.38,8.77,9.68,9.55,11.25,15.99,7.74,14.14,15.94,10.53,15.37,15.47,13.82,11.15,13.12,6.76,5.72,5.07,7.49,11.44,8.41,13.65,5.47,15.78,12.39,10.49,12.63,2.81,11.93,15.81,15.61,6.58,4.99,12.63,10.39,11.31,10.21,15.54,7.55,10.61,9.01,14.48,13.16,0.97,4.64,16.46,21.28,15.98,10.61,2.62,14.53,11.81,10.02,11.44,7.6,11.81,7.7
  11  2,8.09,999.0,4.5,11.6,16.66,13.57,8.0,10.23,14.26,3.82,17.03,4.68,12.43,6.2,3.82,8.53,12.12,9.34,9.41,6.35,8.44,13.29,10.6,6.56,9.8,8.2,10.37,12.07,11.32,14.45,11.89,11.82,12.69,8.65,9.9,16.09,13.63,5.1,5.17,10.43,10.15,13.23,9.99,8.21,13.16,13.77,14.27,18.25,8.33,13.77,11.13,13.12,7.99,13.07,8.86,3.65,9.16,7.14,5.13,8.37,15.64,11.69,8.74,13.89,15.95,8.67,27.72,9.88,6.69,10.15,17.94,17.02,13.49,13.86,10.23,6.12,14.56,7.72,9.23,9.55,12.08,10.15,5.33,16.23,8.86,8.99,12.46,10.18,11.29,16.2,7.39,15.76,5.51,15.0,16.47,11.42,6.6,17.03,6.14,12.93,15.41,5.12,3.41,18.12,16.56,16.83,13.31,15.1,12.77,11.46,13.25,6.59,14.02,6.22,1.15,4.48,6.02,9.23,3.82,9.23,11.18,9.65,11.59,10.15,15.1,7.49,11.08,11.97,16.33,14.13,6.45,11.76,7.49,11.3,9.02,11.92,15.05,10.33,9.01,16.35,6.99,10.23,6.3,9.13,12.05,2.93,3.82,13.44,8.0,9.75,16.46,17.54,10.09,16.75,16.67,6.29,5.33,6.25,2.87,8.25,8.21,12.58,5.4,11.78,16.69,10.43,11.92,15.46,13.98,15.1,6.39,10.26,17.78,7.66,10.09,8.56,15.1,17.06,13.28,6.32,11.25,3.89,10.23,5.12,17.18,14.53,8.21,5.69,12.96,28.98,12.78,10.23,5.47,16.37,4.59,2.01,12.69,11.54,11.58,9.52
  12  3,6.71,4.5,999.0,14.39,19.78,13.53,6.61,13.37,15.09,8.15,20.25,9.05,14.29,10.37,8.15,12.89,15.36,13.19,4.91,10.78,12.0,15.82,14.82,9.99,5.34,12.57,14.57,7.61,11.68,16.62,7.46,16.05,12.69,13.03,9.54,18.49,9.35,4.87,4.6,11.17,14.53,14.45,13.09,7.34,16.42,9.79,17.14,21.16,12.8,17.73,15.38,15.56,4.46,12.27,13.24,7.45,13.59,11.08,9.14,9.73,19.04,13.52,12.16,16.52,18.4,9.26,24.95,13.75,3.54,10.88,14.21,19.99,16.26,18.08,13.37,6.43,18.0,11.09,9.53,13.82,16.27,14.49,9.77,18.56,13.24,11.85,15.42,13.99,6.9,19.12,5.92,18.95,6.48,17.31,19.73,12.23,8.41,20.25,10.31,17.12,18.46,9.01,7.78,21.02,19.11,18.95,16.01,17.35,14.4,13.58,16.83,6.89,15.81,9.67,5.29,3.3,9.62,9.53,8.15,9.53,12.9,11.05,12.49,5.69,17.35,4.87,15.5,13.46,19.4,9.66,3.37,15.87,4.87,6.91,12.84,16.2,18.44,14.53,13.2,19.37,10.26,13.37,4.57,13.41,13.76,7.4,8.15,15.74,11.68,5.3,18.83,20.24,13.24,19.52,19.51,10.56,9.77,10.72,6.08,4.08,4.26,13.41,9.86,7.41,18.74,11.17,16.19,17.45,15.7,17.35,6.74,13.86,20.34,11.45,11.51,9.73,17.35,13.38,8.79,10.34,9.02,7.42,13.37,9.01,19.4,17.22,7.34,7.27,17.17,27.85,16.92,13.37,4.67,18.94,9.03,6.2,15.35,12.89,14.75,5.05
  13  4,10.83,11.6,14.39,999.0,5.47,8.81,10.87,1.77,6.8,8.83,6.02,11.66,3.19,13.04,8.83,12.83,1.96,4.6,18.06,8.63,3.97,1.84,6.94,5.19,18.03,12.65,14.9,19.88,7.22,3.47,19.52,7.37,8.4,8.11,8.84,4.6,20.09,10.02,10.4,6.3,8.32,5.28,1.85,9.93,2.67,19.05,2.75,6.78,9.41,6.38,7.29,1.87,14.44,10.54,12.75,8.07,8.65,14.3,13.24,5.58,5.18,3.17,3.41,2.31,4.43,7.03,39.15,4.65,13.45,6.33,21.44,5.6,1.9,8.3,1.77,8.7,4.45,4.14,7.48,7.14,7.19,13.77,8.86,4.81,12.75,2.62,1.16,4.31,18.76,4.73,11.03,4.74,8.18,3.68,5.59,6.09,6.12,6.02,13.01,7.57,4.14,6.96,9.22,6.63,4.97,5.62,1.71,3.86,3.97,2.32,4.05,8.46,4.07,5.52,10.47,11.45,14.65,7.48,8.83,7.48,3.56,4.85,5.85,18.3,3.86,12.84,13.48,4.24,5.06,21.68,13.32,6.41,12.84,18.81,4.59,7.88,4.65,6.73,14.18,5.0,4.69,1.77,11.53,7.14,3.56,10.0,8.83,2.43,15.55,17.97,4.99,5.95,1.88,5.17,5.13,12.59,8.86,10.93,8.8,15.87,15.35,6.2,9.19,19.09,5.6,6.3,7.77,4.63,4.22,3.86,8.5,3.36,6.18,15.06,4.62,5.87,3.86,20.57,21.77,6.49,22.76,7.72,1.77,6.96,5.82,2.92,9.93,7.24,7.78,23.07,7.13,1.77,10.54,4.78,11.07,12.07,1.14,4.59,1.5,17.84
  14  5,16.17,16.66,19.78,5.47,999.0,12.74,16.22,6.47,10.0,13.41,0.71,15.73,7.18,16.77,13.41,15.76,4.54,7.9,23.53,12.35,8.3,4.57,8.76,10.1,23.49,15.68,17.48,25.32,11.84,5.17,24.96,8.36,12.62,10.89,13.88,3.7,25.43,15.48,15.86,11.17,10.32,8.86,6.72,15.24,3.52,24.28,2.81,1.88,12.25,5.76,8.75,4.98,19.89,14.91,15.55,13.03,11.14,17.9,17.3,10.95,1.8,7.67,7.93,3.84,3.51,12.28,44.36,7.54,18.91,11.29,26.31,0.87,3.77,7.92,6.47,14.16,2.69,8.95,12.63,9.57,8.0,16.23,12.91,4.03,15.55,7.93,4.37,7.13,24.19,1.17,16.43,0.95,13.65,4.37,0.85,10.64,11.59,0.71,16.76,7.78,1.33,11.66,13.85,1.83,2.93,4.95,4.1,4.6,7.73,7.09,4.07,13.9,6.71,10.44,15.52,16.9,18.65,12.63,13.41,12.63,8.3,10.02,10.32,23.76,4.6,18.27,15.51,8.52,0.45,27.09,18.79,7.48,18.27,24.24,8.12,8.82,2.13,8.75,17.13,0.66,9.7,6.47,16.98,9.8,7.82,14.62,13.41,5.22,19.1,23.43,3.82,2.32,6.6,1.84,1.49,16.25,12.91,14.53,13.99,21.33,20.8,10.25,13.17,24.51,5.26,11.17,8.71,5.57,6.96,4.6,13.95,6.64,3.1,18.62,9.68,11.19,4.6,25.48,27.22,10.78,27.91,12.78,6.47,11.66,4.53,3.14,15.24,12.7,7.99,24.44,7.42,6.47,16.01,2.86,15.17,16.79,4.73,9.09,5.09,23.31
  15  6,6.99,13.57,13.53,8.81,12.74,999.0,7.09,9.76,2.94,13.22,13.45,16.36,5.79,18.11,13.22,19.07,10.77,12.37,14.84,14.68,10.98,8.44,15.07,10.43,14.47,18.8,21.31,15.51,2.36,7.59,15.1,15.8,0.88,15.35,3.99,9.4,14.67,8.92,9.07,3.49,16.13,3.88,9.58,6.21,11.31,13.04,10.23,12.97,16.32,15.19,15.55,8.02,10.86,2.42,19.16,11.69,16.03,19.38,17.67,5.76,13.35,5.64,10.49,9.06,9.5,4.93,37.65,12.7,10.66,3.71,13.99,12.33,9.42,17.02,9.76,7.53,12.95,10.26,4.34,14.87,15.71,20.43,14.31,9.2,19.16,8.71,9.75,12.51,14.4,11.6,7.73,12.47,8.06,8.43,13.28,2.95,7.49,13.45,18.06,16.22,11.66,11.77,13.36,12.8,10.3,8.84,9.08,8.24,5.1,6.48,12.83,7.05,6.05,10.5,12.85,10.34,18.96,4.34,13.22,4.34,5.3,5.03,3.08,14.6,8.24,9.37,20.59,4.57,12.3,16.77,10.69,14.93,9.37,14.46,12.17,16.28,12.96,14.79,20.22,12.09,9.97,9.76,9.02,14.69,5.28,13.91,13.22,7.61,20.56,14.41,9.51,11.58,9.77,11.32,11.55,17.85,14.31,16.61,11.15,12.54,11.86,2.62,14.66,14.51,8.49,3.49,16.19,7.5,5.8,8.24,7.24,11.6,11.17,20.1,4.87,5.41,8.24,13.24,17.6,12.36,22.49,11.11,9.76,11.77,9.45,9.66,6.21,8.03,16.41,15.72,15.79,9.76,8.93,10.25,15.86,15.14,8.68,4.24,10.27,14.41
  16  7,0.1,8.0,6.61,10.87,16.22,7.09,999.0,10.63,9.11,9.5,16.83,12.09,9.46,13.83,9.5,15.62,12.48,11.92,7.98,11.89,10.38,11.72,14.39,8.7,7.73,15.31,17.74,9.23,5.62,11.92,8.85,15.48,6.3,13.53,3.19,13.94,9.23,2.96,2.83,5.55,14.8,8.89,10.34,1.04,13.44,8.25,13.41,17.17,13.97,16.14,14.97,11.35,3.98,5.66,15.85,7.98,14.23,14.93,12.97,5.29,16.04,8.78,10.21,12.47,13.92,3.97,30.64,12.45,3.57,5.31,11.32,16.16,12.45,17.28,10.63,2.8,15.21,9.34,3.81,13.7,15.56,17.2,11.11,13.9,15.85,8.98,12.03,12.49,8.09,15.29,0.7,15.58,3.75,12.74,16.44,6.5,5.28,16.83,13.76,16.32,14.91,8.98,9.41,17.01,14.72,14.0,12.13,12.69,9.28,9.19,14.43,2.72,10.73,8.53,7.75,3.76,14.0,3.81,9.5,3.81,8.11,6.24,6.83,7.93,12.69,2.36,17.81,8.29,15.78,10.9,3.61,14.92,2.36,8.15,11.6,15.82,15.49,14.06,16.45,15.67,8.59,10.63,2.06,13.36,8.83,9.61,9.5,11.3,15.91,7.67,14.21,15.99,10.54,15.42,15.52,13.75,11.11,13.06,6.7,5.64,4.99,7.57,11.39,8.36,13.72,5.55,15.77,12.46,10.55,12.69,2.8,11.93,15.87,15.53,6.63,5.03,12.69,10.41,11.24,10.18,15.44,7.51,10.63,8.98,14.54,13.21,1.04,4.62,16.45,21.37,15.98,10.63,2.54,14.59,11.75,9.95,11.49,7.66,11.83,7.62
  17  8,10.61,10.23,13.37,1.77,6.47,9.76,10.63,999.0,8.13,7.21,6.89,9.94,4.59,11.29,7.21,11.07,2.0,2.92,17.34,6.87,2.22,3.59,5.44,3.68,17.38,10.89,13.15,19.34,7.88,5.24,19.0,6.06,9.23,6.39,9.08,6.28,19.77,9.32,9.71,6.81,6.72,6.59,0.29,9.77,3.06,18.88,4.08,8.02,7.67,5.7,5.87,3.64,13.93,11.22,10.99,6.61,6.96,12.55,11.53,5.5,5.7,4.33,1.68,3.97,6.1,7.07,37.9,3.07,12.82,6.77,21.6,6.79,3.43,7.31,0.01,8.18,4.72,2.55,7.64,5.5,5.95,12.04,7.12,6.52,10.99,1.66,2.27,2.8,18.25,5.97,10.68,5.6,7.51,5.43,6.37,6.87,5.5,6.89,11.26,6.47,5.19,5.37,7.62,7.9,6.55,7.37,3.34,5.62,5.35,3.49,3.8,8.03,5.71,4.02,9.08,10.63,12.94,7.64,7.21,7.64,4.49,5.18,6.7,17.67,5.62,12.38,11.79,5.36,6.11,21.21,12.68,5.17,12.38,18.29,2.86,6.55,5.11,5.2,12.42,6.13,3.24,0.01,10.98,5.46,4.79,8.4,7.21,4.18,13.8,17.31,6.68,7.39,0.14,6.57,6.47,10.83,7.12,9.17,7.52,15.24,14.77,7.25,7.45,18.61,7.36,6.81,6.45,6.39,5.84,5.62,8.03,1.86,7.73,13.3,5.11,5.87,5.62,20.71,21.14,4.77,21.46,6.33,0.01,5.37,7.53,4.47,9.77,6.51,6.66,24.54,6.04,0.01,9.9,6.35,9.35,10.52,2.87,5.54,1.38,17.17
  18  9,9.02,14.26,15.09,6.8,10.0,2.94,9.11,8.13,999.0,13.09,10.71,16.27,3.62,17.95,13.09,18.49,8.68,10.98,17.08,14.05,9.8,5.99,13.57,9.79,16.79,18.25,20.7,18.03,3.49,4.84,17.62,14.13,3.21,14.28,5.94,6.53,17.39,10.24,10.48,3.94,14.82,1.54,8.02,8.11,9.04,15.83,7.68,10.09,15.41,13.09,13.99,5.6,13.07,5.34,18.51,11.72,14.91,19.24,17.72,5.9,10.79,3.82,9.25,6.51,6.64,5.85,39.71,11.2,12.63,4.24,16.93,9.53,6.97,15.09,8.13,8.7,10.54,9.31,5.56,13.57,13.97,19.7,13.88,6.31,18.51,7.52,7.54,10.93,16.9,8.84,9.65,9.84,8.93,5.64,10.61,2.89,7.7,10.71,17.9,14.38,9.02,11.41,13.33,9.92,7.43,5.9,6.66,5.42,2.83,4.64,10.64,8.23,3.32,9.96,13.36,11.79,19.08,5.56,13.09,5.56,3.82,4.68,2.67,16.95,5.42,11.47,19.67,2.86,9.57,19.42,12.63,13.19,11.47,16.96,10.85,14.63,10.47,13.33,19.74,9.35,9.26,8.13,10.81,13.47,3.34,13.99,13.09,5.1,20.47,16.72,6.61,8.69,8.18,8.48,8.73,17.61,13.88,16.18,11.55,14.74,14.08,1.7,14.24,17.06,5.54,3.94,14.53,4.6,3.07,5.42,8.4,9.98,8.25,19.99,4.29,5.7,5.42,16.18,20.1,11.68,24.1,11.17,8.13,11.41,6.51,7.02,8.11,8.57,14.58,16.44,13.93,8.13,10.42,7.4,15.72,15.55,6.38,2.97,8.3,16.69
  19  10,9.55,3.82,8.15,8.83,13.41,13.22,9.5,7.21,13.09,999.0,13.7,3.18,10.47,4.91,0.01,6.17,8.91,5.72,12.96,2.68,5.13,10.65,6.78,3.68,13.27,5.86,8.36,15.52,10.85,12.08,15.29,8.0,12.38,4.89,10.26,13.43,16.8,6.68,6.95,9.76,6.38,11.79,7.03,9.27,9.89,16.63,11.28,15.12,4.79,10.02,7.31,10.58,10.84,13.41,6.37,1.59,5.46,6.19,4.64,7.47,12.21,9.82,5.57,11.13,13.26,8.44,31.23,6.23,9.49,9.51,20.47,13.87,10.63,10.04,7.21,6.86,11.1,4.7,9.14,5.73,8.26,7.72,1.72,13.63,6.37,6.39,9.48,6.56,14.63,13.1,9.07,12.48,5.93,12.46,13.11,10.55,5.73,13.7,4.85,9.11,12.23,1.88,0.45,15.0,13.76,14.39,10.51,12.61,11.0,9.36,9.74,7.17,12.01,3.39,2.85,6.95,6.04,9.14,0.01,9.14,9.48,8.47,10.61,13.62,12.61,9.88,8.32,10.41,13.12,17.57,9.27,7.96,9.88,14.65,5.43,8.1,11.63,6.51,7.14,13.18,4.22,7.21,8.41,5.31,10.26,1.21,0.01,11.01,7.39,13.22,13.82,14.59,7.07,13.76,13.63,4.64,1.72,3.6,2.83,11.49,11.3,11.56,1.93,15.1,14.32,9.76,8.1,13.18,12.03,12.61,7.0,6.81,14.94,6.92,8.81,7.81,12.61,19.56,16.89,2.67,14.77,2.15,7.21,1.88,14.63,11.68,9.27,5.44,9.14,28.93,8.96,7.21,7.28,13.56,2.65,3.38,9.97,10.14,8.45,13.0
  20  11,16.78,17.03,20.25,6.02,0.71,13.45,16.83,6.89,10.71,13.7,999.0,15.91,7.87,16.89,13.7,15.77,4.92,8.09,24.06,12.5,8.62,5.23,8.74,10.47,24.05,15.71,17.43,25.89,12.52,5.88,25.54,8.25,13.32,10.94,14.53,4.39,26.05,16.02,16.4,11.83,10.28,9.57,7.16,15.85,3.87,24.92,3.44,2.06,12.28,5.55,8.68,5.65,20.46,15.61,15.55,13.38,11.14,18.0,17.47,11.54,1.66,8.34,8.28,4.51,4.21,12.9,44.74,7.7,19.46,11.95,26.99,1.42,4.39,7.63,6.89,14.72,2.72,9.32,13.27,9.6,7.87,16.17,13.11,4.72,15.55,8.41,4.89,7.3,24.77,1.88,17.02,1.3,14.18,5.08,0.6,11.32,12.12,0.01,16.88,7.58,1.92,11.99,14.13,2.07,3.6,5.61,4.73,5.31,8.43,7.73,4.14,14.47,7.42,10.82,15.88,17.42,18.81,13.27,13.7,13.27,8.96,10.65,11.01,24.32,5.31,18.85,15.4,9.2,1.15,27.68,19.34,7.41,18.85,24.82,8.34,8.68,2.14,8.75,17.13,1.37,10.09,6.89,17.55,9.86,8.5,14.9,13.7,5.91,19.17,23.98,4.5,2.85,7.02,2.48,2.14,16.36,13.11,14.65,14.39,21.88,21.37,10.95,13.36,25.09,5.93,11.83,8.57,6.27,7.67,5.31,14.51,6.89,3.63,18.7,10.32,11.8,5.31,26.16,27.78,11.04,28.28,13.17,6.89,11.99,5.17,3.83,15.85,13.22,7.78,25.08,7.25,6.89,16.55,3.54,15.36,17.08,5.35,9.76,5.51,23.86
  21  12,12.15,4.68,9.05,11.66,15.73,16.36,12.09,9.94,16.27,3.18,15.91,999.0,13.56,1.78,3.18,3.85,11.4,7.84,13.94,3.44,7.74,13.49,7.86,6.69,14.39,3.53,5.74,16.66,14.0,15.02,16.5,8.94,15.51,5.49,13.25,16.23,18.3,9.14,9.33,12.92,6.84,14.95,9.81,12.03,12.29,18.44,13.9,17.53,4.58,11.47,8.25,13.47,12.64,16.43,4.19,4.67,5.73,3.02,1.59,10.63,14.33,12.94,8.26,13.91,16.04,11.53,29.84,8.22,11.32,12.67,22.56,16.29,13.36,10.87,9.94,9.66,13.22,7.57,12.21,6.76,9.28,5.47,2.84,16.45,4.19,9.37,12.15,8.62,15.92,15.59,11.56,14.78,8.79,15.33,15.32,13.73,8.87,15.91,1.72,10.07,14.66,4.93,3.0,17.43,16.46,17.27,13.28,15.5,14.13,12.43,11.8,10.03,15.07,6.44,4.42,8.95,3.0,12.21,3.18,12.21,12.63,11.65,13.79,14.74,15.5,12.01,6.45,13.57,15.5,18.71,11.09,9.25,12.01,15.94,7.62,8.86,13.78,7.68,4.4,15.6,7.25,9.94,10.67,6.39,13.39,2.52,3.18,13.95,4.21,14.35,16.62,17.16,9.81,16.33,16.16,1.67,2.84,1.88,5.49,12.92,12.89,14.74,2.56,16.43,17.23,12.92,8.89,16.15,15.11,15.5,9.85,9.13,17.59,3.74,11.99,10.97,15.5,21.67,17.73,5.17,13.66,5.25,9.94,4.93,17.47,14.39,12.03,8.46,10.03,32.07,10.07,9.94,9.66,16.25,0.59,2.86,12.79,13.31,11.03,14.1
  22  13,9.4,12.43,14.29,3.19,7.18,5.79,9.46,4.59,3.62,10.47,7.87,13.56,999.0,15.13,10.47,15.34,5.09,7.48,17.24,10.96,6.45,2.68,10.01,6.88,17.09,15.13,17.51,18.69,4.65,2.46,18.31,10.52,5.53,10.89,6.79,4.48,18.53,9.5,9.83,4.07,11.31,2.1,4.51,8.43,5.54,17.25,4.51,7.82,12.1,9.52,10.41,2.26,13.36,7.79,15.32,9.32,11.49,16.43,15.1,4.58,7.59,0.76,5.87,3.37,4.46,5.51,39.23,7.65,12.59,4.23,19.13,6.93,3.64,11.48,4.59,7.98,7.15,6.16,5.69,10.08,10.36,16.45,10.95,4.44,15.32,4.29,3.99,7.37,17.55,6.11,9.8,6.79,7.8,3.28,7.62,3.45,5.98,7.87,15.09,10.76,6.0,8.64,10.78,7.65,5.28,4.68,3.3,3.23,0.79,1.17,7.09,7.6,1.59,7.12,11.39,11.07,16.5,5.69,10.47,5.69,1.4,3.32,3.14,17.32,3.23,11.7,16.3,1.34,6.73,20.34,12.51,9.58,11.7,17.61,7.39,11.03,7.18,9.78,16.65,6.56,6.32,4.59,10.63,10.02,0.65,11.52,10.47,1.97,17.67,17.02,4.75,6.57,4.64,6.06,6.21,14.74,10.95,13.19,9.56,14.93,14.34,3.19,11.3,17.81,4.46,4.07,10.93,3.16,1.57,3.23,7.7,6.41,6.41,17.18,2.88,4.65,3.23,18.3,20.69,8.63,23.12,8.83,4.59,8.64,5.16,4.04,8.43,7.09,10.97,19.96,10.31,4.59,9.89,5.15,12.99,13.35,2.88,1.92,4.68,16.94
  23  14,13.89,6.2,10.37,13.04,16.77,18.11,13.83,11.29,17.95,4.91,16.89,1.78,15.13,999.0,4.91,2.73,12.59,8.93,15.2,4.48,9.08,14.88,8.44,8.26,15.68,2.46,4.2,17.95,15.75,16.47,17.81,9.39,17.27,6.06,15.03,17.55,19.7,10.87,11.05,14.66,7.18,16.6,11.19,13.79,13.41,19.95,15.13,18.61,4.87,12.09,8.74,14.89,14.19,18.21,3.14,6.43,6.09,1.3,1.34,12.38,15.26,14.54,9.63,15.24,17.36,13.3,29.73,9.24,12.89,14.41,24.15,17.39,14.66,11.18,11.29,11.43,14.18,9.04,13.98,7.41,9.77,4.2,4.21,17.8,3.14,10.88,13.44,9.65,17.27,16.73,13.29,15.82,10.57,16.72,16.29,15.45,10.63,16.89,0.07,10.49,15.77,6.55,4.76,18.52,17.72,18.66,14.61,16.91,15.73,13.98,12.75,11.81,16.61,8.04,6.11,10.6,2.08,13.98,4.91,13.98,14.26,13.36,15.51,16.04,16.91,13.65,5.39,15.21,16.57,19.98,12.65,9.87,13.65,17.28,8.77,9.21,14.75,8.32,2.83,16.69,8.81,11.29,12.35,7.09,15.0,4.3,4.91,15.39,2.54,15.65,17.95,18.35,11.17,17.51,17.31,0.55,4.21,2.24,7.26,14.35,14.37,16.44,3.87,17.78,18.64,14.66,9.27,17.61,16.66,16.91,11.63,10.28,18.82,2.05,13.69,12.71,16.91,23.26,18.88,6.58,13.88,7.01,11.29,6.55,18.82,15.67,13.79,10.24,10.41,33.83,10.55,11.29,11.37,17.52,2.26,4.23,14.16,14.98,12.29,15.4
  24  15,9.55,3.82,8.15,8.83,13.41,13.22,9.5,7.21,13.09,0.01,13.7,3.18,10.47,4.91,999.0,6.17,8.91,5.72,12.96,2.68,5.13,10.65,6.78,3.68,13.27,5.86,8.36,15.52,10.85,12.08,15.29,8.0,12.38,4.89,10.26,13.43,16.8,6.68,6.95,9.76,6.38,11.79,7.03,9.27,9.89,16.63,11.28,15.12,4.79,10.02,7.31,10.58,10.84,13.41,6.37,1.59,5.46,6.19,4.64,7.47,12.21,9.82,5.57,11.13,13.26,8.44,31.23,6.23,9.49,9.51,20.47,13.87,10.63,10.04,7.21,6.86,11.1,4.7,9.14,5.73,8.26,7.72,1.72,13.63,6.37,6.39,9.48,6.56,14.63,13.1,9.07,12.48,5.93,12.46,13.11,10.55,5.73,13.7,4.85,9.11,12.23,1.88,0.45,15.0,13.76,14.39,10.51,12.61,11.0,9.36,9.74,7.17,12.01,3.39,2.85,6.95,6.04,9.14,0.01,9.14,9.48,8.47,10.61,13.62,12.61,9.88,8.32,10.41,13.12,17.57,9.27,7.96,9.88,14.65,5.43,8.1,11.63,6.51,7.14,13.18,4.22,7.21,8.41,5.31,10.26,1.21,0.01,11.01,7.39,13.22,13.82,14.59,7.07,13.76,13.63,4.64,1.72,3.6,2.83,11.49,11.3,11.56,1.93,15.1,14.32,9.76,8.1,13.18,12.03,12.61,7.0,6.81,14.94,6.92,8.81,7.81,12.61,19.56,16.89,2.67,14.77,2.15,7.21,1.88,14.63,11.68,9.27,5.44,9.14,28.93,8.96,7.21,7.28,13.56,2.65,3.38,9.97,10.14,8.45,13.0
  25  16,15.68,8.53,12.89,12.83,15.76,19.07,15.62,11.07,18.49,6.17,15.77,3.85,15.34,2.73,6.17,999.0,11.98,8.33,17.76,4.44,8.94,14.61,7.05,8.72,18.22,0.33,2.24,20.5,16.73,16.3,20.34,7.74,18.28,4.91,16.38,17.1,22.15,12.73,12.97,15.59,5.55,17.04,11.03,15.44,12.65,22.27,14.53,17.64,3.54,10.56,7.18,14.7,16.46,19.49,0.42,7.75,4.63,2.93,4.06,13.33,14.12,14.84,9.52,14.85,16.89,14.48,32.17,8.48,15.13,15.37,26.34,16.47,14.22,9.27,11.07,13.03,13.08,9.21,15.19,6.2,8.13,1.63,4.79,17.39,0.42,11.06,12.99,8.89,19.77,15.9,15.15,14.83,12.1,16.41,15.18,16.25,11.72,15.77,2.78,8.73,14.92,7.31,6.22,17.58,17.13,18.33,14.24,16.63,16.02,14.17,11.69,13.34,16.69,8.6,8.18,12.71,4.56,15.19,6.17,15.19,14.68,14.11,16.25,18.58,16.63,15.75,2.67,15.65,15.63,22.54,14.9,8.42,15.75,19.78,8.27,7.45,13.66,7.02,1.38,15.79,9.24,11.07,14.36,6.0,15.32,6.06,6.17,15.25,3.75,18.18,17.49,17.58,10.96,16.75,16.51,2.38,4.79,2.57,8.92,16.77,16.73,17.12,4.44,20.27,18.36,15.59,7.53,17.45,16.78,16.63,13.18,9.69,18.14,3.38,14.38,13.71,16.63,25.44,21.51,6.81,16.54,8.29,11.07,7.31,18.4,15.17,15.44,11.58,8.61,34.73,8.9,11.07,13.29,16.93,3.99,6.69,13.89,15.53,11.81,17.94
  26  17,12.46,12.12,15.36,1.96,4.54,10.77,12.48,2.0,8.68,8.91,4.92,11.4,5.09,12.59,8.91,11.98,999.0,3.68,19.33,8.11,3.78,3.01,5.49,5.56,19.36,11.84,13.93,21.3,9.16,4.74,20.96,5.7,10.36,7.09,10.68,5.14,21.67,11.3,11.69,8.2,6.99,7.19,2.29,11.59,1.06,20.72,2.56,6.21,8.45,4.43,5.75,3.28,15.88,12.5,11.84,8.49,7.52,13.79,12.98,7.25,3.69,5.13,3.39,2.98,4.92,8.77,39.83,3.5,14.8,8.22,23.26,4.97,2.32,6.42,2.0,10.12,2.75,4.41,9.28,5.93,5.47,12.73,8.55,5.44,11.84,3.62,1.21,3.1,20.2,4.21,12.57,3.64,9.48,4.6,4.38,8.05,7.45,4.92,12.57,5.75,3.32,7.13,9.34,6.1,5.17,6.42,2.44,4.85,5.87,4.29,2.1,9.94,5.72,5.91,10.98,12.63,14.37,9.28,8.91,9.28,5.52,6.69,7.81,19.65,4.85,14.32,12.28,6.2,4.23,23.16,14.66,4.71,14.32,20.25,3.82,6.22,3.11,5.34,13.35,4.28,5.18,2.0,12.93,6.03,5.51,10.11,8.91,3.88,15.02,19.3,5.52,5.77,2.13,4.93,4.76,12.09,8.55,10.38,9.48,17.22,16.74,8.16,8.84,20.56,6.51,8.2,6.11,5.83,5.91,4.85,9.95,2.31,6.23,14.53,6.51,7.58,4.85,22.39,23.13,6.31,23.37,8.25,2.0,7.13,6.44,3.2,11.59,8.49,5.97,24.8,5.3,2.0,11.87,4.97,10.82,12.27,2.39,6.55,0.66,19.16
  27  18,11.93,9.34,13.19,4.6,7.9,12.37,11.92,2.92,10.98,5.72,8.09,7.84,7.48,8.93,5.72,8.33,3.68,999.0,17.64,4.47,1.57,6.31,2.71,3.36,17.79,8.18,10.34,19.91,10.3,8.04,19.61,3.62,11.75,3.52,11.04,8.77,20.69,9.96,10.34,9.16,3.83,9.45,2.98,11.23,4.48,20.05,6.24,9.7,4.84,4.55,3.23,6.44,14.66,13.57,8.22,5.79,4.05,10.12,9.41,7.38,6.54,7.17,1.91,6.52,8.56,8.93,36.95,0.57,13.43,9.05,23.19,8.47,5.89,5.36,2.92,9.2,5.43,2.58,9.6,2.6,3.66,9.19,5.02,9.06,8.22,3.66,4.66,0.84,18.88,7.79,11.8,6.94,8.34,8.09,7.5,9.43,6.66,8.09,8.92,4.39,6.84,4.24,6.17,9.61,8.85,10.0,5.91,8.32,8.24,6.36,4.03,9.2,8.62,3.64,8.23,10.98,10.77,9.6,5.72,9.6,7.24,7.48,9.3,18.11,8.32,13.28,8.89,8.16,7.67,21.88,13.24,2.99,13.28,18.92,0.35,4.04,5.98,2.42,9.7,7.77,3.35,2.92,11.78,2.55,7.64,6.91,5.72,7.02,11.35,17.73,9.16,9.41,2.84,8.58,8.38,8.43,5.02,6.71,7.11,15.76,15.39,9.96,5.27,19.3,10.04,9.16,3.96,9.18,8.75,8.32,9.14,1.37,9.91,10.86,7.54,7.79,8.32,22.29,21.56,3.06,20.48,5.77,2.92,4.24,10.07,6.85,11.23,7.36,4.53,27.41,4.06,2.92,10.6,8.65,7.27,9.09,5.59,8.25,3.48,17.56
  28  19,8.07,9.41,4.91,18.06,23.53,14.84,7.98,17.34,17.08,12.96,24.06,13.94,17.24,15.2,12.96,17.76,19.33,17.64,999.0,15.63,16.31,19.23,19.51,14.32,0.72,17.45,19.37,2.77,13.6,19.69,2.7,20.72,14.14,17.84,11.14,21.68,4.93,8.05,7.67,13.49,19.33,16.86,17.05,9.01,20.37,6.06,20.76,24.71,17.68,22.18,20.07,18.91,4.01,12.93,18.13,12.09,18.42,15.8,13.92,12.75,23.02,16.52,16.37,19.97,21.63,11.76,22.84,18.21,4.66,13.24,10.57,23.61,19.83,22.73,17.34,9.4,22.06,15.33,11.74,18.54,20.92,19.35,14.62,21.68,18.13,15.72,19.17,18.39,2.38,22.73,7.51,22.78,9.88,20.48,23.6,14.48,11.94,24.06,15.13,21.76,22.19,13.61,12.62,24.55,22.41,21.88,19.54,20.45,17.15,16.78,21.01,9.71,18.61,14.02,10.14,6.73,14.24,11.74,12.96,11.74,15.85,13.93,14.8,0.98,20.45,5.63,20.39,16.17,23.11,4.78,4.76,20.46,5.63,2.35,17.29,20.91,22.44,19.2,18.01,23.04,14.48,17.34,6.62,18.14,16.64,12.29,12.96,18.96,16.27,0.74,21.98,23.63,17.22,22.99,23.03,15.42,14.62,15.63,10.62,2.34,3.0,15.55,14.74,2.87,21.61,13.49,20.89,20.33,18.45,20.45,9.63,18.14,23.6,16.1,14.37,12.61,20.45,9.88,3.94,14.97,9.13,11.95,17.34,13.61,22.39,20.71,9.01,10.85,21.83,27.12,21.53,17.34,7.52,22.26,13.94,11.08,18.87,15.54,18.69,0.54
  29  20,11.93,6.35,10.78,8.63,12.35,14.68,11.89,6.87,14.05,2.68,12.5,3.44,10.96,4.48,2.68,4.44,8.11,4.47,15.63,999.0,4.67,10.46,4.54,4.29,15.95,4.2,6.66,18.2,12.36,12.09,17.97,5.69,13.91,2.32,12.2,13.1,19.48,9.2,9.5,11.2,3.82,12.61,6.79,11.54,8.95,19.27,10.66,14.17,2.13,8.08,4.99,10.5,13.49,15.23,4.48,3.96,2.82,5.69,4.97,8.97,10.91,10.43,5.24,10.79,12.9,10.21,33.1,4.81,12.15,11.0,23.02,12.94,10.2,7.7,6.87,9.15,9.8,4.81,10.94,3.43,6.01,5.75,1.01,13.35,4.48,6.67,8.97,5.22,17.31,12.26,11.52,11.39,8.19,12.3,11.9,11.83,7.47,12.5,4.45,6.83,11.32,3.03,3.01,14.08,13.25,14.23,10.17,12.49,11.61,9.79,8.37,9.38,12.36,4.18,5.49,9.6,6.31,10.94,2.68,10.94,10.26,9.7,11.82,16.29,12.49,12.48,6.04,11.22,12.13,20.25,11.93,5.88,12.48,17.34,4.3,5.7,10.37,4.32,5.7,12.24,4.8,6.87,10.98,3.03,10.91,3.43,2.68,11.02,6.94,15.9,13.49,13.88,6.75,13.03,12.85,3.99,1.01,2.3,5.4,14.17,13.98,12.69,1.02,17.79,14.23,11.2,5.72,13.24,12.43,12.49,9.24,5.81,14.35,6.44,9.95,9.37,12.49,22.11,19.55,2.37,16.77,4.38,6.87,3.03,14.37,11.21,11.54,7.51,6.82,30.31,6.77,6.87,9.82,13.05,2.91,5.34,9.74,11.1,7.82,15.68
  30  21,10.38,8.44,12.0,3.97,8.3,10.98,10.38,2.22,9.8,5.13,8.62,7.74,6.45,9.08,5.13,8.94,3.78,1.57,16.31,4.67,999.0,5.8,4.23,2.01,16.43,8.74,11.07,18.51,8.84,7.42,18.21,5.19,10.32,4.48,9.49,8.49,19.21,8.51,8.9,7.68,5.15,8.28,2.12,9.67,4.78,18.54,6.19,9.99,5.65,5.91,4.77,5.83,13.21,12.07,8.9,4.8,5.12,10.33,9.33,5.83,7.21,6.02,0.58,6.18,8.3,7.37,36.15,2.07,12.0,7.56,21.63,8.75,5.62,6.91,2.22,7.67,6.12,1.04,8.05,3.89,5.22,10.0,4.91,8.73,8.9,2.3,4.42,2.14,17.47,7.98,10.28,7.38,6.84,7.64,8.05,8.03,5.11,8.62,9.05,5.95,7.1,3.37,5.55,9.88,8.72,9.58,5.55,7.83,7.16,5.29,4.85,7.66,7.75,2.34,7.3,9.61,10.73,8.05,5.13,8.05,5.99,6.02,7.93,16.75,7.83,11.8,9.88,6.94,8.0,20.47,11.83,4.55,11.8,17.51,1.27,5.59,6.61,3.92,10.27,8.06,1.86,2.22,10.3,3.73,6.5,6.33,5.13,6.35,11.58,16.37,8.89,9.48,2.09,8.65,8.51,8.62,4.91,6.96,5.95,14.36,13.97,8.65,5.23,17.87,9.57,7.68,5.52,8.57,7.85,7.83,7.6,1.86,9.87,11.09,6.11,6.24,7.83,20.73,20.21,2.58,19.68,4.65,2.22,3.37,9.75,6.65,9.67,5.85,6.09,26.22,5.6,2.22,9.14,8.52,7.15,8.49,5.08,6.95,3.33,16.21
  31  22,11.67,13.29,15.82,1.84,4.57,8.44,11.72,3.59,5.99,10.65,5.23,13.49,2.68,14.88,10.65,14.61,3.01,6.31,19.23,10.46,5.8,999.0,8.45,6.99,19.15,14.44,16.65,20.89,7.3,1.75,20.52,8.7,8.21,9.83,9.3,2.81,20.91,11.26,11.63,6.6,9.91,4.61,3.69,10.72,3.09,19.72,1.83,5.48,11.15,7.21,8.74,0.42,15.48,10.47,14.52,9.82,10.33,16.13,15.08,6.51,4.91,3.11,5.25,0.75,2.66,7.76,40.69,6.29,14.58,6.72,21.77,4.45,0.98,9.32,3.59,9.84,4.55,5.96,8.07,8.78,8.47,15.5,10.7,2.99,14.52,4.33,1.8,5.91,19.76,3.58,11.97,4.11,9.45,1.84,4.96,6.11,7.43,5.23,14.85,8.72,3.33,8.77,11.03,5.32,3.3,3.78,0.67,2.03,3.34,2.53,4.73,9.53,2.8,7.3,12.17,12.76,16.49,8.07,10.65,8.07,3.73,5.48,5.8,19.4,2.03,13.84,15.15,4.01,4.12,22.62,14.48,7.71,13.84,19.81,6.34,9.22,4.52,8.27,15.97,3.98,6.47,3.59,12.63,8.82,3.29,11.81,10.65,0.92,17.39,19.08,3.19,4.43,3.71,3.75,3.81,14.42,10.7,12.76,10.45,16.98,16.42,5.85,11.02,20.05,3.77,6.6,9.11,2.88,3.01,2.03,9.6,5.0,4.53,16.89,5.13,6.71,2.03,20.93,22.84,8.33,24.36,9.44,3.59,8.77,3.99,1.49,10.72,8.58,8.94,21.84,8.27,3.59,11.74,3.12,12.9,13.85,0.73,4.54,2.89,18.98
  32  23,14.4,10.6,14.82,6.94,8.76,15.07,14.39,5.44,13.57,6.78,8.74,7.86,10.01,8.44,6.78,7.05,5.49,2.71,19.51,4.54,4.23,8.45,999.0,5.68,19.73,7.0,8.73,21.92,13.01,10.2,21.65,1.22,14.46,2.39,13.7,10.55,22.89,12.19,12.55,11.87,1.57,12.03,5.57,13.76,5.9,22.39,7.89,10.64,3.62,3.65,0.58,8.66,16.83,16.28,6.81,7.42,2.43,9.43,9.26,10.05,7.08,9.77,4.63,8.47,10.31,11.59,37.64,2.39,15.54,11.77,25.7,9.5,7.81,3.26,5.44,11.61,6.07,5.17,12.27,1.1,1.49,7.48,5.46,10.87,6.81,6.38,6.66,2.65,20.94,9.0,14.2,7.84,10.7,10.09,8.14,12.13,9.2,8.74,8.44,2.33,8.02,5.91,7.2,10.58,10.42,11.88,7.93,10.34,10.78,8.94,4.71,11.67,11.0,5.87,9.6,13.02,10.48,12.27,6.78,12.27,9.89,10.2,12.0,20.07,10.34,15.55,6.87,10.79,8.66,23.93,15.34,1.42,15.55,20.97,2.96,1.45,6.64,0.32,8.4,8.83,5.83,5.44,14.03,1.51,10.23,7.8,6.78,9.26,10.55,19.68,10.91,10.7,5.4,9.89,9.62,7.9,5.46,6.25,8.89,17.78,17.48,12.63,5.55,21.38,11.99,11.87,1.4,11.31,11.16,10.34,11.59,3.61,11.31,10.1,10.25,10.47,10.34,24.79,23.45,4.54,21.3,7.58,5.44,5.91,11.84,8.62,13.76,9.77,2.36,29.97,2.23,5.44,12.84,10.23,7.39,9.84,7.77,10.92,5.57,19.48
  33  24,8.72,6.56,9.99,5.19,10.1,10.43,8.7,3.68,9.79,3.68,10.47,6.69,6.88,8.26,3.68,8.72,5.56,3.36,14.32,4.29,2.01,6.99,5.68,999.0,14.45,8.47,10.95,16.55,8.13,8.4,16.25,6.8,9.67,5.1,8.28,9.79,17.33,6.61,6.98,6.96,6.19,8.38,3.46,8.1,6.61,16.74,7.75,11.7,5.93,7.88,6.26,6.91,11.3,11.14,8.77,2.94,5.81,9.55,8.24,4.8,9.13,6.28,2.2,7.51,9.63,6.2,34.27,3.93,10.06,6.78,20.02,10.47,7.04,8.67,3.68,5.93,8.07,1.15,6.91,5.03,6.91,10.02,4.1,9.98,8.77,2.71,5.94,4.08,15.52,9.65,8.53,9.2,5.03,8.8,9.92,7.55,3.59,10.47,8.21,7.69,8.85,1.8,4.04,11.57,10.15,10.71,6.89,8.94,7.47,5.74,6.84,5.99,8.38,0.35,5.42,7.63,9.65,6.91,3.68,6.91,6.03,5.42,7.53,14.77,8.94,9.94,10.17,6.99,9.77,18.52,9.88,6.31,9.94,15.56,3.02,7.12,8.54,5.36,9.95,9.79,0.56,3.68,8.43,4.73,6.74,4.82,3.68,7.33,10.8,14.39,10.18,11.05,3.54,10.24,10.14,7.87,4.1,6.39,3.96,12.4,12.02,8.4,4.46,15.93,10.64,6.96,7.07,9.51,8.42,8.94,5.9,3.87,11.35,10.31,5.66,5.21,8.94,19.11,18.22,1.94,17.81,2.69,3.68,1.8,10.97,8.09,8.1,4.09,7.81,26.02,7.39,3.68,7.25,9.96,6.11,6.88,6.32,6.83,5.01,14.22
  34  25,7.81,9.8,5.34,18.03,23.49,14.47,7.73,17.38,16.79,13.27,24.05,14.39,17.09,15.68,13.27,18.22,19.36,17.79,0.72,15.95,16.43,19.15,19.73,14.45,999.0,17.9,19.87,2.28,13.32,19.55,2.13,20.94,13.79,18.13,10.85,21.55,4.26,8.06,7.67,13.27,19.61,16.62,17.09,8.77,20.39,5.34,20.72,24.63,18.02,22.33,20.3,18.82,3.75,12.5,18.58,12.33,18.73,16.32,14.42,12.65,23.04,16.38,16.47,19.89,21.51,11.59,23.28,18.36,4.59,13.03,9.86,23.55,19.78,22.94,17.38,9.34,22.1,15.44,11.52,18.79,21.13,19.82,14.95,21.53,18.58,15.74,19.16,18.53,1.7,22.67,7.3,22.76,9.89,20.34,23.6,14.24,11.94,24.05,15.62,21.97,22.16,13.83,12.94,24.47,22.29,21.7,19.48,20.31,16.97,16.68,21.08,9.62,18.43,14.16,10.47,6.83,14.78,11.52,13.27,11.52,15.7,13.79,14.56,0.36,20.31,5.41,20.83,15.98,23.07,4.33,4.71,20.65,5.41,1.69,17.44,21.15,22.46,19.43,18.51,23.0,14.59,17.38,6.52,18.39,16.48,12.65,13.27,18.85,16.83,0.07,21.84,23.53,17.26,22.9,22.96,15.89,14.95,16.04,10.84,2.17,2.76,15.29,15.08,2.21,21.43,13.27,21.13,20.15,18.26,20.31,9.56,18.24,23.47,16.64,14.22,12.49,20.31,9.17,3.78,15.19,9.82,12.16,17.38,13.83,22.23,20.63,8.77,10.87,22.04,26.5,21.72,17.38,7.5,22.15,14.36,11.53,18.82,15.36,18.71,0.29
  35  26,15.36,8.2,12.57,12.65,15.68,18.8,15.31,10.89,18.25,5.86,15.71,3.53,15.13,2.46,5.86,0.33,11.84,8.18,17.45,4.2,8.74,14.44,7.0,8.47,17.9,999.0,2.52,20.18,16.46,16.13,20.02,7.74,18.0,4.8,16.08,16.96,21.82,12.41,12.64,15.32,5.53,16.81,10.85,15.13,12.53,21.95,14.4,17.56,3.44,10.55,7.16,14.52,16.13,19.2,0.69,7.45,4.57,2.78,3.78,13.05,14.05,14.62,9.32,14.69,16.74,14.19,32.0,8.35,14.81,15.1,26.02,16.38,14.07,9.31,10.89,12.72,13.01,8.99,14.9,6.11,8.13,1.95,4.5,17.24,0.69,10.85,12.84,8.76,19.45,15.8,14.83,14.75,11.79,16.25,15.11,15.99,11.44,15.71,2.51,8.75,14.82,7.04,5.9,17.49,17.0,18.17,14.08,16.47,15.8,13.96,11.61,13.03,16.49,8.34,7.85,12.39,4.34,14.9,5.86,14.9,14.45,13.85,15.99,18.26,16.47,15.43,2.97,15.42,15.54,22.22,14.57,8.39,15.43,19.46,8.11,7.46,13.59,6.96,1.53,15.69,8.99,10.89,14.04,5.9,15.1,5.74,5.86,15.07,3.67,17.86,17.34,17.47,10.78,16.64,16.41,2.08,4.5,2.27,8.61,16.45,16.41,16.87,4.15,19.95,18.2,15.32,7.54,17.28,16.58,16.47,12.87,9.55,18.02,3.28,14.12,13.43,16.47,25.12,21.2,6.57,16.3,7.99,10.89,7.04,18.25,15.03,15.13,11.28,8.63,34.47,8.9,10.89,12.97,16.8,3.66,6.37,13.72,15.29,11.66,17.62
  36  27,17.8,10.37,14.57,14.9,17.48,21.31,17.74,13.15,20.7,8.36,17.43,5.74,17.51,4.2,8.36,2.24,13.93,10.34,19.37,6.66,11.07,16.65,8.73,10.95,19.87,2.52,999.0,22.13,18.97,18.37,22.0,9.22,20.51,6.84,18.59,19.06,23.9,14.82,15.04,17.82,7.16,19.24,13.14,17.6,14.52,24.14,16.45,19.36,5.5,12.03,8.75,16.77,18.36,21.71,2.19,9.94,6.42,3.66,5.45,15.57,15.77,17.02,11.65,16.85,18.84,16.7,32.25,10.43,17.05,17.61,28.3,18.22,16.21,10.44,13.15,15.2,14.79,11.4,17.42,8.02,9.6,1.26,7.02,19.36,2.19,13.24,14.98,10.83,21.47,17.71,17.25,16.57,14.28,18.43,16.84,18.48,13.95,17.43,4.27,10.07,16.73,9.55,8.37,19.31,19.04,20.32,16.25,18.66,18.19,16.34,13.44,15.52,18.82,10.83,10.16,14.7,5.39,17.42,8.36,17.42,16.88,16.35,18.48,20.23,18.66,17.75,2.4,17.86,17.38,24.15,16.81,10.02,17.75,21.47,10.32,8.84,15.36,8.76,1.37,17.56,11.46,13.15,16.4,7.89,17.5,8.13,8.36,17.33,3.75,19.84,19.44,19.4,13.05,18.59,18.33,4.09,7.02,4.77,11.06,18.55,18.57,19.35,6.67,21.98,20.38,17.82,8.93,19.52,18.92,18.66,15.35,11.68,20.0,3.64,16.61,15.94,18.66,27.41,23.01,9.02,17.17,10.5,13.15,9.55,20.37,17.12,17.6,13.79,9.92,36.96,10.31,13.15,15.36,18.84,6.01,8.43,15.93,17.75,13.81,19.59
  37  28,9.3,12.07,7.61,19.88,25.32,15.51,9.23,19.34,18.03,15.52,25.89,16.66,18.69,17.95,15.52,20.5,21.3,19.91,2.77,18.2,18.51,20.89,21.92,16.55,2.28,20.18,22.13,999.0,14.65,21.15,0.41,23.12,14.92,20.36,12.17,23.17,2.52,10.04,9.65,14.75,21.83,18.03,19.04,10.27,22.31,4.22,22.52,26.36,20.28,24.42,22.49,20.54,5.43,13.35,20.85,14.53,20.97,18.57,16.68,14.39,24.96,18.01,18.52,21.64,23.15,13.19,22.82,20.47,6.53,14.53,8.44,25.32,21.57,25.11,19.34,11.19,24.05,17.5,13.03,20.99,23.3,22.09,17.21,23.13,20.85,17.68,21.02,20.63,1.14,24.45,8.92,24.62,11.83,21.97,25.46,15.65,13.85,25.89,17.89,24.13,23.99,16.01,15.2,26.2,23.95,23.22,21.26,21.92,18.5,18.38,23.08,11.42,19.95,16.27,12.74,8.94,17.01,13.03,15.52,13.03,17.33,15.45,15.99,1.92,21.92,7.05,23.11,17.52,24.89,2.06,6.69,22.8,7.05,1.08,19.56,23.34,24.39,21.61,20.77,24.79,16.65,19.34,8.37,20.6,18.06,14.92,15.52,20.52,19.04,2.32,23.44,25.21,19.23,24.62,24.7,18.16,17.21,18.32,13.04,4.15,4.57,16.63,17.34,1.03,22.93,14.75,23.32,21.68,19.77,21.92,11.38,20.29,25.1,18.87,15.85,14.18,21.92,7.88,2.08,17.38,10.89,14.34,19.34,16.01,23.77,22.38,10.27,12.83,24.21,26.33,23.87,19.34,9.44,23.81,16.64,13.81,20.6,16.89,20.65,2.56
  38  29,5.54,11.32,11.68,7.22,11.84,2.36,5.62,7.88,3.49,10.85,12.52,14.0,4.65,15.75,10.85,16.73,9.16,10.3,13.6,12.36,8.84,7.3,13.01,8.13,13.32,16.46,18.97,14.65,999.0,6.92,14.25,13.82,1.55,13.12,2.48,8.92,14.19,6.9,7.11,1.17,13.98,3.42,7.66,4.62,9.86,12.77,9.13,12.4,14.05,13.49,13.52,6.88,9.59,3.35,16.83,9.33,13.82,17.02,15.32,3.41,12.15,4.22,8.39,8.01,8.95,2.65,36.22,10.67,9.14,1.36,14.48,11.57,8.22,15.19,7.88,5.41,11.59,8.05,2.18,12.72,13.76,18.11,11.96,8.8,16.83,6.64,8.28,10.52,13.51,10.76,6.16,11.41,5.82,7.79,12.26,1.2,5.13,12.52,15.7,14.33,10.64,9.42,11.0,12.23,9.78,8.7,7.88,7.66,4.18,4.96,11.26,4.93,5.51,8.18,10.55,8.41,16.61,2.18,10.85,2.18,3.68,2.82,1.52,13.5,7.66,7.98,18.3,3.32,11.38,16.13,9.13,13.0,7.98,13.57,10.07,14.28,11.7,12.72,17.87,11.21,7.69,7.88,7.33,12.52,4.02,11.56,10.85,6.62,18.2,13.26,9.12,11.09,7.86,10.66,10.83,15.49,11.96,14.26,8.82,11.26,10.6,1.98,12.31,13.7,8.39,1.17,14.19,7.2,5.29,7.66,5.11,9.66,10.82,17.74,2.78,3.04,7.66,13.65,16.71,10.06,20.7,8.75,7.88,9.42,9.28,8.7,4.62,5.7,14.52,18.08,13.91,7.88,7.01,9.69,13.49,12.83,7.36,2.76,8.6,13.22
  39  30,11.86,14.45,16.62,3.47,5.17,7.59,11.92,5.24,4.84,12.08,5.88,15.02,2.46,16.47,12.08,16.3,4.74,8.04,19.69,12.09,7.42,1.75,10.2,8.4,19.55,16.13,18.37,21.15,6.92,999.0,20.77,10.43,7.53,11.56,9.19,2.03,20.96,11.89,12.23,6.48,11.66,3.73,5.3,10.89,4.69,19.64,2.97,5.48,12.87,8.81,10.48,1.6,15.82,9.81,16.22,11.13,12.07,17.73,16.6,6.98,6.01,3.17,6.85,1.89,2.03,7.97,41.56,8.03,15.03,6.66,21.34,4.75,2.51,10.96,5.24,10.39,5.9,7.46,8.13,10.53,10.19,17.22,12.26,1.99,16.22,5.69,3.54,7.66,20.01,4.02,12.26,5.01,10.15,0.87,5.76,5.75,8.23,5.88,16.43,10.4,4.19,10.2,12.44,5.31,2.86,2.38,2.31,0.77,2.75,3.05,6.32,10.02,1.54,8.7,13.37,13.44,18.01,8.13,12.08,8.13,3.84,5.76,5.41,19.77,0.77,14.16,16.89,3.68,4.73,22.78,14.96,9.44,14.16,20.07,8.05,10.95,5.74,10.02,17.66,4.51,7.86,5.24,13.08,10.56,3.09,13.21,12.08,1.08,18.99,19.48,2.29,4.17,5.35,3.76,3.97,16.02,12.26,14.38,11.58,17.39,16.79,5.17,12.6,20.27,2.25,6.48,10.84,1.15,1.79,0.77,10.12,6.74,3.96,18.49,5.33,7.09,0.77,20.53,23.15,9.89,25.35,10.7,5.24,10.2,2.78,2.23,10.89,9.37,10.62,20.2,9.96,5.24,12.3,2.76,14.43,15.18,2.45,4.31,4.64,19.4
  40  31,8.91,11.89,7.46,19.52,24.96,15.1,8.85,19.0,17.62,15.29,25.54,16.5,18.31,17.81,15.29,20.34,20.96,19.61,2.7,17.97,18.21,20.52,21.65,16.25,2.13,20.02,22.0,0.41,14.25,20.77,999.0,22.85,14.51,20.12,11.77,22.79,2.35,9.72,9.33,14.36,21.59,17.63,18.71,9.88,21.97,3.93,22.15,25.99,20.06,24.12,22.22,20.17,5.08,12.94,20.69,14.28,20.73,18.46,16.56,14.02,24.61,17.63,18.2,21.27,22.77,12.82,23.22,20.18,6.21,14.14,8.23,24.95,21.2,24.83,19.0,10.85,23.71,17.19,12.65,20.73,23.02,21.94,16.98,22.75,20.69,17.35,20.67,20.33,0.76,24.08,8.55,24.27,11.5,21.59,25.11,15.26,13.51,25.54,17.75,23.85,23.63,15.75,14.98,25.83,23.57,22.83,20.89,21.54,18.12,18.01,22.75,11.06,19.56,15.98,12.52,8.65,16.91,12.65,15.29,12.65,16.96,15.07,15.59,1.78,21.54,6.69,22.95,17.13,24.53,2.29,6.38,22.51,6.69,0.71,19.26,23.08,24.04,21.34,20.64,24.43,16.35,19.0,8.03,20.34,17.68,14.72,15.29,20.14,18.96,2.17,23.06,24.84,18.89,24.25,24.33,18.01,16.98,18.14,12.78,3.87,4.24,16.23,17.13,0.63,22.54,14.36,23.05,21.29,19.38,21.54,11.03,19.98,24.72,18.77,15.47,13.81,21.54,7.65,2.5,17.11,11.11,14.07,19.0,15.75,23.38,22.01,9.88,12.5,23.94,25.97,23.59,19.0,9.11,23.43,16.47,13.65,20.24,16.5,20.31,2.42
  41  32,15.49,11.82,16.05,7.37,8.36,15.8,15.48,6.06,14.13,8.0,8.25,8.94,10.52,9.39,8.0,7.74,5.7,3.62,20.72,5.69,5.19,8.7,1.22,6.8,20.94,7.74,9.22,23.12,13.82,10.43,22.85,999.0,15.23,3.45,14.66,10.55,24.06,13.35,13.72,12.7,2.23,12.59,6.22,14.82,5.89,23.53,7.89,10.23,4.52,2.83,0.7,8.96,18.01,17.13,7.46,8.64,3.3,10.3,10.29,11.0,6.61,10.36,5.51,8.62,10.31,12.55,38.76,3.18,16.73,12.62,26.78,9.15,7.96,2.04,6.06,12.72,5.7,6.18,13.22,2.28,0.39,7.96,6.64,10.89,7.46,7.19,6.91,3.31,22.14,8.76,15.32,7.49,11.83,10.22,7.67,12.89,10.25,8.25,9.4,1.14,7.79,7.12,8.42,10.19,10.31,11.92,8.13,10.49,11.31,9.51,4.48,12.76,11.38,7.01,10.82,14.21,11.45,13.22,8.0,13.22,10.55,11.03,12.73,21.28,10.49,16.71,7.16,11.41,8.33,25.13,16.53,0.99,16.71,22.17,3.92,0.52,6.24,1.52,9.06,8.53,6.9,6.06,15.19,2.7,10.81,9.0,8.0,9.56,11.37,20.89,10.89,10.44,6.04,9.67,9.38,8.84,6.64,7.26,10.1,18.98,18.67,13.3,6.71,22.58,12.06,12.7,0.41,11.5,11.55,10.49,12.68,4.2,11.11,10.93,11.05,11.4,10.49,25.87,24.66,5.75,22.46,8.78,6.06,7.12,11.82,8.66,14.82,10.88,1.14,30.44,1.17,6.06,14.0,10.13,8.49,11.02,8.07,11.59,5.91,20.69
  42  33,6.21,12.69,12.69,8.4,12.62,0.88,6.3,9.23,3.21,12.38,13.32,15.51,5.53,17.27,12.38,18.28,10.36,11.75,14.14,13.91,10.32,8.21,14.46,9.67,13.79,18.0,20.51,14.92,1.55,7.53,14.51,15.23,999.0,14.64,3.16,9.43,14.19,8.05,8.21,2.71,15.47,3.81,9.03,5.4,10.97,12.62,10.03,12.98,15.59,14.75,14.95,7.79,10.14,2.29,18.37,10.84,15.33,18.54,16.81,4.95,13.11,5.26,9.85,8.87,9.5,4.05,36.92,12.1,9.88,2.91,13.85,12.27,9.17,16.53,9.23,6.65,12.65,9.56,3.46,14.21,15.15,19.65,13.5,9.26,18.37,8.09,9.39,11.93,13.79,11.5,6.93,12.29,7.17,8.39,13.12,2.35,6.65,13.32,17.22,15.7,11.5,10.97,12.52,12.81,10.32,8.99,8.83,8.22,4.9,6.08,12.44,6.17,6.01,9.73,11.97,9.48,18.09,3.46,12.38,3.46,4.84,4.32,2.55,13.93,8.22,8.62,19.84,4.23,12.18,16.24,9.91,14.38,8.62,13.86,11.54,15.7,12.7,14.17,19.41,11.98,9.23,9.23,8.2,14.02,4.96,13.06,12.38,7.43,19.71,13.73,9.57,11.62,9.22,11.29,11.5,17.02,13.5,15.8,10.28,11.82,11.15,2.38,13.86,13.93,8.65,2.71,15.61,7.58,5.77,8.22,6.36,11.05,11.25,19.25,4.21,4.58,8.22,13.07,17.0,11.61,21.66,10.27,9.23,10.97,9.59,9.5,5.4,7.16,15.89,16.56,15.27,9.23,8.07,10.25,15.02,14.26,8.37,3.81,9.83,13.73
  43  34,13.56,8.65,13.03,8.11,10.89,15.35,13.53,6.39,14.28,4.89,10.94,5.49,10.89,6.06,4.89,4.91,7.09,3.52,17.84,2.32,4.48,9.83,2.39,5.1,18.13,4.8,6.84,20.36,13.12,11.56,20.12,3.45,14.64,999.0,13.38,12.23,21.53,11.03,11.36,11.95,1.5,12.76,6.41,13.04,7.74,21.22,9.63,12.76,1.37,6.04,2.76,9.96,15.5,16.22,4.75,5.89,0.71,7.08,6.87,9.88,9.3,10.49,5.04,10.01,12.01,11.3,35.31,3.59,14.18,11.8,24.8,11.57,9.37,5.41,6.39,10.73,8.23,5.09,12.01,1.36,3.79,5.67,3.33,12.53,4.75,6.77,8.15,4.0,19.45,11.0,13.24,9.95,9.78,11.6,10.34,12.41,8.65,10.94,6.06,4.59,10.02,4.58,5.26,12.69,12.23,13.49,9.41,11.83,11.62,9.74,6.82,10.89,12.11,5.15,7.74,11.61,8.09,12.01,4.89,12.01,10.47,10.33,12.34,18.47,11.83,14.37,5.41,11.42,10.74,22.41,13.96,3.81,14.37,19.47,3.53,3.4,8.81,2.26,6.29,10.89,5.46,6.39,12.86,1.09,10.98,5.74,4.89,10.53,8.24,18.08,12.61,12.67,6.31,11.84,11.61,5.51,3.33,3.86,7.39,16.29,16.05,13.11,3.34,19.91,13.54,11.95,3.43,12.7,12.23,11.83,10.77,4.85,13.23,7.77,10.49,10.29,11.83,23.89,21.78,3.35,19.04,6.2,6.39,4.58,13.53,10.29,13.04,8.96,4.55,30.7,4.58,6.39,11.67,12.03,5.05,7.65,9.11,11.42,6.98,17.87
  44  35,3.1,9.9,9.54,8.84,13.88,3.99,3.19,9.08,5.94,10.26,14.53,13.25,6.79,15.03,10.26,16.38,10.68,11.04,11.14,12.2,9.49,9.3,13.7,8.28,10.85,16.08,18.59,12.17,2.48,9.19,11.77,14.66,3.16,13.38,999.0,11.21,11.79,5.02,5.13,2.73,14.44,5.86,8.82,2.24,11.51,10.46,11.09,14.61,14.11,14.77,14.25,8.9,7.13,3.2,16.53,8.67,14.09,16.24,14.4,3.67,13.97,6.21,9.15,10.04,11.22,2.11,33.83,11.49,6.75,2.59,12.59,13.7,10.15,16.24,9.08,3.78,13.29,8.54,1.45,13.23,14.66,17.86,11.62,11.12,16.53,7.57,9.98,11.43,11.03,12.86,3.78,13.36,4.5,10.05,14.21,3.51,4.75,14.53,14.97,15.33,12.62,9.17,10.31,14.44,12.05,11.11,9.81,9.95,6.46,6.81,12.74,3.33,7.86,8.23,9.32,6.37,15.6,1.45,10.26,1.45,5.58,4.0,3.85,11.02,9.95,5.54,18.24,5.51,13.43,13.68,6.77,13.94,5.54,11.09,10.76,15.07,13.47,13.39,17.4,13.28,7.97,9.08,5.04,12.96,6.14,10.73,10.26,8.74,17.35,10.78,11.44,13.35,9.03,12.86,13.0,14.84,11.62,13.82,7.8,8.8,8.14,4.46,11.95,11.23,10.81,2.73,15.0,9.58,7.67,9.95,3.52,10.69,13.13,16.92,4.24,3.26,9.95,11.73,14.23,10.09,18.51,8.1,9.08,9.17,11.68,10.76,2.24,4.81,15.49,19.08,14.94,9.08,4.96,11.94,12.8,11.63,9.22,4.89,10.06,10.75
