,1,2,3,4,5,6,7,8,9,10,11,12,13,14,15,16,17,18,19,20,21,22,23,24,25,26,27,28,29,30,31,32,33,34,35,36,37,38,39,40,41,42,43,44,45,46,47,48,49,50,51,52,53,54,55,56,57,58,59,60,61,62,63,64,65,66,67,68,69,70,71,72,73,74,75,76,77,78,79,80,81,82,83,84,85,86,87,88,89,90,91,92,93,94,95,96,97,98,99,100
1,999.0,9.54,6.35,5.56,6.2,12.07,13.32,18.8,15.23,14.94,10.86,12.59,10.05,11.78,12.5,20.12,13.79,12.99,6.03,19.62,16.8,21.71,12.81,13.41,10.5,7.91,12.92,4.66,12.94,12.27,17.08,5.65,10.67,6.52,10.84,9.41,15.98,9.93,11.2,15.61,15.7,2.42,12.53,11.0,10.54,7.2,17.13,20.54,12.33,13.83,11.22,7.71,7.77,13.57,13.41,4.3,11.45,4.21,14.71,16.84,9.29,18.15,15.93,8.13,5.02,3.2,5.34,13.79,8.05,7.79,14.57,10.5,15.7,11.22,11.78,5.93,12.21,7.72,14.83,9.51,15.43,14.55,7.18,14.87,11.38,10.5,21.25,6.03,9.81,6.47,11.7,7.33,15.26,4.72,12.32,1.41,20.4,13.07,11.22,16.43
2,9.54,999.0,5.26,5.52,14.49,15.33,16.46,15.84,15.75,16.61,19.09,3.14,16.82,19.37,17.82,17.63,20.76,17.03,13.04,18.99,19.61,20.55,19.86,13.09,18.13,6.21,3.67,12.76,3.48,6.31,20.34,13.9,18.19,7.88,7.07,13.23,14.7,14.24,15.81,22.27,17.53,11.65,20.05,10.37,16.29,14.27,20.2,19.18,2.82,17.47,15.91,8.5,10.42,20.89,13.09,9.23,7.01,12.23,14.81,21.22,6.15,16.3,18.19,6.48,6.48,8.31,14.15,20.99,15.93,14.91,21.02,18.13,17.82,15.91,18.68,10.49,13.21,3.54,12.13,16.68,5.96,21.63,14.68,20.57,2.87,18.13,21.17,12.54,17.36,13.71,19.38,8.15,22.64,12.14,18.07,9.82,18.55,10.18,15.91,14.85
3,6.35,5.26,999.0,0.8,9.73,10.28,11.47,13.4,11.52,12.02,14.13,7.52,11.61,14.24,12.57,14.96,15.53,11.89,8.0,15.39,14.79,17.25,14.64,9.07,13.03,1.93,8.89,8.08,8.55,5.92,15.42,9.16,13.07,2.65,10.65,8.02,11.24,9.02,10.58,17.02,12.92,7.73,14.9,6.25,11.03,9.18,15.32,15.94,7.84,12.41,10.68,3.5,5.23,15.7,9.07,4.23,5.19,7.58,10.71,16.11,3.08,13.22,13.47,2.24,1.55,3.78,9.65,15.78,10.96,9.8,15.76,13.03,13.13,10.68,13.46,5.26,8.66,1.9,9.35,11.53,10.89,16.41,9.67,15.32,8.04,13.03,17.38,7.44,12.26,8.68,14.27,3.08,17.44,7.29,12.8,5.92,15.55,7.39,10.68,11.56
4,5.56,5.52,0.8,999.0,9.17,10.38,11.6,14.07,11.93,12.31,13.65,8.0,11.3,13.86,12.46,15.61,15.25,11.93,7.55,15.9,14.98,17.8,14.34,9.55,12.63,2.62,9.19,7.49,8.91,6.71,15.57,8.59,12.68,2.73,10.39,8.01,11.81,8.97,10.53,16.78,13.2,6.99,14.53,6.76,10.83,8.77,15.49,16.51,8.21,12.49,10.61,3.78,5.28,15.37,9.55,3.74,5.98,6.98,11.15,16.14,3.86,13.83,13.72,2.92,0.97,3.1,9.02,15.47,10.49,9.4,15.54,12.63,13.38,10.61,13.16,4.99,9.01,2.45,10.02,11.16,11.31,16.11,9.21,15.19,8.2,12.63,17.85,7.03,11.86,8.23,13.88,3.33,17.12,6.75,12.64,5.17,16.16,8.09,10.61,12.15
5,6.2,14.49,9.73,9.17,999.0,8.67,9.69,18.27,13.04,12.0,4.74,17.17,4.34,5.6,7.42,19.09,7.71,8.76,2.25,17.47,12.77,19.65,6.73,12.24,4.33,10.27,18.12,1.73,17.96,14.88,12.73,0.6,4.53,8.0,17.01,6.61,14.84,6.42,6.98,9.57,12.51,3.91,6.35,10.9,5.55,2.17,12.89,18.74,17.28,9.72,6.93,8.55,7.09,7.41,12.24,5.51,13.5,2.27,12.92,11.82,11.59,17.0,12.4,10.29,8.22,6.18,1.27,7.64,1.9,2.37,8.64,4.33,12.31,6.93,5.82,5.24,10.5,11.6,14.86,3.61,20.41,8.43,1.58,9.28,16.83,4.33,18.55,2.95,3.69,1.83,5.51,8.46,9.08,2.44,6.98,5.11,18.94,13.69,6.93,15.4
6,12.07,15.33,10.28,10.38,8.67,999.0,1.27,10.73,4.67,3.34,9.57,16.75,5.83,8.3,3.78,11.09,7.98,1.86,6.87,8.9,4.77,11.07,7.55,5.13,7.83,9.14,18.73,8.65,18.21,12.0,5.22,8.64,7.64,7.66,20.73,2.66,7.15,2.3,2.09,8.62,3.86,10.98,8.52,5.95,3.97,6.5,5.19,10.27,17.51,2.14,2.22,6.84,5.11,8.65,5.13,8.05,10.31,8.74,4.91,5.91,9.61,9.05,3.89,8.9,9.67,9.49,9.8,8.51,7.85,6.45,7.38,7.83,3.73,2.22,6.65,6.24,3.37,11.8,8.49,6.54,20.21,8.75,7.16,6.12,18.19,7.83,9.88,6.46,7.42,6.94,8.49,7.22,9.99,7.93,4.5,10.67,10.65,8.44,2.22,7.74
7,13.32,16.46,11.47,11.6,9.69,1.27,999.0,10.57,4.3,2.6,10.09,17.76,6.45,8.66,3.82,10.72,7.98,1.51,8.0,8.17,3.5,10.32,7.7,5.43,8.36,10.26,19.81,9.79,19.26,12.84,3.97,9.71,8.14,8.87,21.97,3.93,7.05,3.46,2.78,8.34,2.87,12.17,8.77,6.77,4.59,7.52,3.92,9.64,18.57,1.16,2.86,8.0,6.34,8.74,5.43,9.32,11.16,9.91,4.79,4.9,10.63,8.75,2.73,10.0,10.91,10.76,10.85,8.55,8.7,7.39,7.17,8.36,2.63,2.86,6.95,7.51,3.91,12.94,8.8,7.23,21.21,8.67,8.14,5.69,19.33,8.36,8.93,7.63,8.05,8.01,8.86,8.4,9.91,9.11,4.62,11.92,10.12,9.02,2.86,7.62
8,18.8,15.84,13.4,14.07,18.27,10.73,10.57,999.0,6.31,8.2,20.22,15.13,16.47,19.04,14.37,1.86,18.55,12.09,16.05,4.98,10.79,5.39,18.24,6.04,18.5,11.47,17.7,17.51,16.91,9.62,11.82,18.01,18.33,12.29,22.86,11.79,3.59,12.35,12.81,18.81,8.56,18.96,19.25,7.83,14.65,16.3,11.45,4.14,16.43,11.53,12.94,11.09,11.52,19.3,6.04,14.7,8.9,17.32,5.83,14.13,10.49,2.06,9.43,11.16,14.11,15.6,19.08,19.12,18.05,16.5,17.7,18.5,9.09,12.94,17.38,13.62,7.86,13.46,4.05,17.09,17.75,19.24,17.04,16.1,18.25,18.5,7.09,15.4,18.01,16.44,19.22,11.48,20.47,16.54,15.15,17.74,3.13,6.02,12.94,3.0
9,15.23,15.75,11.52,11.93,13.04,4.67,4.3,6.31,999.0,1.93,14.23,16.29,10.5,12.9,8.11,6.44,12.26,5.81,11.0,4.48,4.99,6.66,11.99,2.68,12.49,9.82,18.64,12.69,17.97,10.78,6.01,12.91,12.3,9.38,22.11,6.46,2.91,6.67,6.75,12.5,2.51,14.68,13.05,5.4,8.63,10.91,5.69,5.7,17.34,5.22,6.87,8.19,7.47,13.03,2.68,10.94,9.27,12.65,1.01,8.08,9.6,4.45,3.43,9.5,11.54,12.2,14.05,12.85,12.43,10.96,11.39,12.49,3.03,6.87,11.21,9.37,3.03,12.48,5.34,11.21,19.55,12.94,11.61,9.8,18.55,12.49,6.04,10.45,12.09,11.22,13.1,8.65,14.17,11.82,8.91,13.94,5.99,6.35,6.87,3.44
10,14.94,16.61,12.02,12.31,12.0,3.34,2.6,8.2,1.93,999.0,12.69,17.47,9.02,11.25,6.37,8.18,10.45,4.06,10.13,5.6,3.28,7.76,10.25,4.04,10.96,10.49,19.7,11.89,19.09,12.13,4.24,11.95,10.74,9.63,22.66,5.67,4.84,5.59,5.3,10.61,0.91,14.1,11.34,6.31,7.15,9.84,3.96,7.04,18.42,3.36,5.4,8.54,7.37,11.25,4.04,10.72,10.53,11.93,2.75,6.18,10.51,6.28,1.7,10.19,11.78,12.09,13.11,11.05,11.17,9.79,9.52,10.96,1.28,5.4,9.54,9.01,3.4,13.2,7.11,9.79,20.81,11.1,10.5,7.9,19.46,10.96,6.56,9.66,10.63,10.25,11.46,8.98,12.31,11.1,7.18,13.58,7.53,7.85,5.4,5.37
11,10.86,19.09,14.13,13.65,4.74,9.57,10.09,20.22,14.23,12.69,999.0,21.64,3.76,1.87,6.51,20.66,4.16,8.7,6.12,18.26,12.2,20.38,3.43,14.32,1.74,14.33,22.75,6.45,22.54,18.74,11.78,5.33,1.95,12.03,21.7,8.68,16.64,7.93,7.48,5.93,12.88,8.49,2.4,13.82,5.6,5.01,12.06,19.73,21.85,9.57,7.36,12.26,10.4,3.45,14.32,9.91,17.21,6.98,14.45,10.07,15.52,18.61,12.43,14.28,12.68,10.81,5.54,3.78,3.17,4.46,5.5,1.74,12.51,7.36,3.4,9.09,12.44,16.02,17.43,3.19,24.96,4.54,4.46,6.9,21.52,1.74,18.79,6.72,2.25,5.45,1.64,12.3,4.76,6.96,5.73,9.85,20.18,16.69,7.36,17.23
12,12.59,3.14,7.52,8.0,17.17,16.75,17.76,15.13,16.29,17.47,21.64,999.0,19.06,21.74,19.65,16.99,22.93,18.55,15.52,18.93,20.64,20.23,22.07,13.62,20.54,7.78,2.57,15.47,1.78,5.69,21.46,16.58,20.58,9.87,8.93,14.97,14.72,16.03,17.55,24.32,18.36,14.6,22.38,11.18,18.3,16.7,21.28,18.86,1.37,18.85,17.67,10.17,12.21,23.15,13.62,11.73,7.04,14.95,15.3,22.64,7.14,15.98,19.13,7.96,8.96,11.02,16.95,23.21,18.47,17.32,23.04,20.54,18.73,17.67,20.88,12.72,14.16,5.62,11.89,19.02,3.48,23.81,17.18,22.39,3.58,20.54,21.19,14.96,19.77,16.2,21.78,9.92,24.88,14.75,19.99,12.75,18.08,10.15,17.67,14.74
13,10.05,16.82,11.61,11.3,4.34,5.83,6.45,16.47,10.5,9.02,3.76,19.06,999.0,2.85,3.28,16.91,3.97,5.16,4.11,14.62,8.97,16.77,3.04,10.58,2.04,11.42,20.48,5.43,20.17,15.56,8.75,4.68,1.89,9.21,20.51,5.05,12.88,4.22,3.75,5.65,9.29,8.02,3.38,10.27,1.87,2.87,8.96,16.05,19.46,6.09,3.64,9.16,7.16,4.08,10.58,7.68,13.95,5.84,10.69,7.56,12.47,14.86,8.95,11.32,10.35,8.9,5.6,4.17,2.66,2.26,4.53,2.04,8.97,3.64,1.87,6.35,8.7,13.49,13.74,0.85,22.49,4.82,2.92,4.96,19.46,2.04,15.31,4.4,1.6,3.59,2.97,9.29,5.83,5.38,2.7,8.74,16.47,13.12,3.64,13.47
14,11.78,19.37,14.24,13.86,5.6,8.3,8.66,19.04,12.9,11.25,1.87,21.74,2.85,999.0,4.92,19.34,2.37,7.2,6.36,16.76,10.49,18.84,1.57,13.26,1.29,14.19,23.04,7.16,22.77,18.4,10.01,6.13,1.18,11.93,22.54,7.88,15.45,6.99,6.23,4.21,11.35,9.5,0.76,13.11,4.43,5.1,10.31,18.26,22.06,8.01,6.1,11.97,9.99,1.84,13.26,10.15,16.8,7.66,13.21,8.23,15.28,17.33,10.84,14.1,12.89,11.22,6.64,2.12,3.73,4.46,3.66,1.29,10.95,6.1,1.72,9.02,11.39,16.13,16.5,2.72,25.13,2.91,4.78,5.04,21.92,1.29,17.17,6.83,2.03,5.71,0.24,12.08,3.48,7.44,4.11,10.62,18.78,15.95,6.1,16.04
15,12.5,17.82,12.57,12.46,7.42,3.78,3.82,14.37,8.11,6.37,6.51,19.65,3.28,4.92,999.0,14.53,4.21,2.31,6.5,11.84,5.75,13.93,3.88,8.91,4.85,11.87,21.39,8.16,20.96,15.36,5.47,7.65,4.6,9.94,22.39,4.68,10.82,3.62,2.13,4.92,6.44,10.77,4.97,9.48,1.96,5.51,5.7,13.35,20.25,3.1,2.0,9.48,7.45,4.93,8.91,9.28,13.67,8.46,8.55,4.43,12.63,12.57,5.93,11.69,11.59,10.68,8.68,4.76,5.91,5.09,3.64,4.85,6.03,2.0,3.2,7.58,7.13,14.32,12.27,4.13,23.13,4.97,5.87,2.75,20.61,4.85,12.28,6.47,4.74,6.2,5.14,9.75,6.21,7.81,0.81,11.11,13.9,12.12,2.0,11.4
16,20.12,17.63,14.96,15.61,19.09,11.09,10.72,1.86,6.44,8.18,20.66,16.99,16.91,19.34,14.53,999.0,18.63,12.22,16.93,3.77,10.32,3.64,18.41,6.92,18.92,13.03,19.56,18.48,18.77,11.45,11.32,18.88,18.73,13.65,24.63,12.51,4.27,12.93,13.18,18.7,8.34,20.1,19.48,9.12,15.06,17.05,10.93,2.54,18.28,11.54,13.3,12.43,12.61,19.43,6.92,15.92,10.66,18.33,6.25,13.71,12.13,2.09,9.13,12.72,15.57,16.92,19.99,19.22,18.71,17.18,17.67,18.92,8.85,13.3,17.65,14.71,8.6,15.15,5.65,17.59,19.61,19.26,17.78,15.99,20.08,18.92,5.61,16.3,18.49,17.26,19.54,12.84,20.47,17.53,15.33,18.99,1.43,7.66,13.3,3.74
17,13.79,20.76,15.53,15.25,7.71,7.98,7.98,18.55,12.26,10.45,4.16,22.93,3.97,2.37,4.21,18.63,999.0,6.46,8.03,15.72,9.07,17.71,0.98,13.1,3.43,15.21,24.42,9.13,24.08,19.12,8.42,8.19,3.21,13.06,24.41,8.33,15.01,7.3,6.11,1.88,10.37,11.6,1.76,13.45,4.73,6.76,8.76,17.28,23.37,7.09,5.97,12.88,10.83,0.92,13.1,11.65,17.46,9.6,12.75,6.35,16.17,16.71,9.72,15.08,14.3,12.86,8.84,0.62,5.81,6.11,1.42,3.43,9.9,5.97,2.1,10.28,11.3,17.39,16.45,4.31,26.38,0.88,6.63,3.11,23.42,3.43,15.85,8.36,4.02,7.45,2.56,13.06,2.06,9.24,3.48,12.55,17.91,16.2,5.97,15.59
18,12.99,17.03,11.89,11.93,8.76,1.86,1.51,12.09,5.81,4.06,8.7,18.55,5.16,7.2,2.31,12.22,6.46,999.0,7.32,9.57,4.01,11.68,6.19,6.81,6.99,10.88,20.48,9.1,19.98,13.86,4.11,8.86,6.75,9.24,22.18,3.93,8.56,3.12,1.84,6.89,4.18,11.6,7.28,7.82,3.36,6.64,4.2,11.07,19.28,0.96,1.86,8.53,6.66,7.23,6.81,9.24,12.17,9.29,6.29,4.21,11.42,10.26,3.79,10.65,11.15,10.69,9.98,7.04,7.57,6.41,5.69,6.99,3.82,1.86,5.48,7.43,5.15,13.49,10.19,5.97,22.02,7.17,7.18,4.3,19.88,6.99,10.16,7.07,6.74,7.22,7.41,8.88,8.41,8.53,3.12,11.58,11.6,10.26,1.86,9.13
19,6.03,13.04,8.0,7.55,2.25,6.87,8.0,16.05,11.0,10.13,6.12,15.52,4.11,6.36,6.5,16.93,8.03,7.32,999.0,15.47,11.3,17.65,7.06,10.04,5.1,8.28,16.71,1.8,16.46,12.82,11.41,1.96,5.18,5.98,16.4,4.54,12.66,4.57,5.48,9.76,10.72,4.31,7.07,8.65,4.54,1.28,11.52,16.68,15.76,8.24,5.47,6.39,4.84,7.99,10.04,3.81,11.37,1.99,10.81,10.9,9.54,14.84,10.72,8.26,6.58,4.87,3.07,8.14,2.96,1.93,8.64,5.1,10.58,5.47,5.95,3.09,8.34,9.9,12.61,3.74,18.86,8.86,1.66,8.84,15.56,5.1,16.69,0.7,4.33,0.68,6.36,6.35,9.74,1.32,6.29,4.68,16.83,11.44,5.47,13.21
20,19.62,18.99,15.39,15.9,17.47,8.9,8.17,4.98,4.48,5.6,18.26,18.93,14.62,16.76,11.84,3.77,15.72,9.57,15.47,999.0,6.92,2.19,15.64,6.37,16.53,13.55,21.43,17.17,20.69,13.24,7.85,17.36,16.31,13.53,25.73,10.93,4.29,11.05,10.89,15.55,5.4,19.16,16.78,9.15,12.75,15.32,7.46,1.6,20.13,8.75,10.99,12.3,11.85,16.58,6.37,15.32,12.06,17.13,4.92,10.29,13.0,3.19,6.0,13.22,15.64,16.53,18.51,16.33,16.74,15.32,14.62,16.53,5.83,10.99,15.03,13.81,7.42,16.03,7.05,15.38,21.89,16.27,16.01,12.87,21.66,16.53,2.28,14.93,16.22,15.67,16.97,12.75,17.43,16.31,12.65,18.36,2.51,8.86,10.99,4.19
21,16.8,19.61,14.79,14.98,12.77,4.77,3.5,10.79,4.99,3.28,12.2,20.64,8.97,10.49,5.75,10.32,9.07,4.01,11.3,6.92,999.0,8.75,9.17,7.31,10.59,13.42,22.82,13.09,22.22,15.38,1.04,12.87,10.33,12.25,25.37,7.42,7.8,6.88,5.83,8.68,2.49,15.55,10.36,9.46,7.29,10.65,0.7,8.51,21.55,3.07,5.87,11.28,9.77,9.97,7.31,12.82,13.76,13.25,5.94,3.4,13.59,8.74,1.58,13.14,14.33,14.25,13.99,9.69,11.51,10.41,7.85,10.59,2.0,5.87,8.82,11.01,6.48,16.13,10.32,9.82,24.02,9.51,11.19,6.06,22.48,10.59,6.78,11.0,10.48,11.22,10.73,11.7,10.63,12.48,6.48,15.39,9.32,11.13,5.87,8.25
22,21.71,20.55,17.25,17.8,19.65,11.07,10.32,5.39,6.66,7.76,20.38,20.23,16.77,18.84,13.93,3.64,17.71,11.68,17.65,2.19,8.75,999.0,17.69,8.36,18.66,15.36,22.77,19.35,22.0,14.57,9.6,19.55,18.43,15.52,27.41,13.11,6.01,13.24,13.05,17.43,7.5,21.31,18.84,11.06,14.9,17.5,9.22,1.37,21.47,10.83,13.15,14.28,13.95,18.59,8.36,17.42,13.55,19.3,7.02,12.03,14.7,4.27,8.02,15.04,17.6,18.59,20.7,18.33,18.92,17.51,16.57,18.66,7.89,13.15,17.12,15.94,9.55,17.75,8.43,17.54,23.01,18.22,18.19,14.79,23.13,18.66,2.4,17.11,18.37,17.86,19.06,14.72,19.36,18.48,14.73,20.47,2.26,10.37,13.15,5.74
23,12.81,19.86,14.64,14.34,6.73,7.55,7.7,18.24,11.99,10.25,3.43,22.07,3.04,1.57,3.88,18.41,0.98,6.19,7.06,15.64,9.17,17.69,999.0,12.65,2.49,14.39,23.52,8.15,23.19,18.38,8.62,7.21,2.25,12.2,23.44,7.63,14.67,6.64,5.58,2.84,10.25,10.62,1.2,12.82,4.03,5.79,8.93,17.18,22.49,6.92,5.44,12.08,10.04,1.15,12.65,10.71,16.74,8.61,12.41,6.72,15.38,16.45,9.66,14.27,13.39,11.91,7.88,1.14,4.83,5.14,2.11,2.49,9.81,5.44,1.19,9.38,10.81,16.51,15.96,3.33,25.51,1.79,5.64,3.5,22.5,2.49,15.91,7.41,3.04,6.47,1.8,12.24,2.81,8.27,3.09,11.57,17.76,15.6,5.44,15.25
24,13.41,13.09,9.07,9.55,12.24,5.13,5.43,6.04,2.68,4.04,14.32,13.62,10.58,13.26,8.91,6.92,13.1,6.81,10.04,6.37,7.31,8.36,12.65,999.0,12.61,7.28,15.95,11.56,15.29,8.15,8.26,12.0,12.46,7.17,19.56,5.77,2.65,6.39,7.07,13.7,4.88,13.22,13.56,2.83,8.83,10.26,8.0,7.14,14.65,6.56,7.21,5.93,5.73,13.76,0.0,9.14,6.6,11.41,1.72,10.02,6.95,4.85,5.73,6.95,9.27,10.26,13.09,13.63,12.03,10.47,12.48,12.61,5.31,7.21,11.68,7.81,1.88,9.88,3.38,11.15,16.89,13.87,11.0,11.1,15.89,12.61,8.32,9.41,12.08,10.41,13.43,6.38,15.12,10.61,9.62,12.21,7.02,3.82,7.21,3.18
25,10.5,18.13,13.03,12.63,4.33,7.83,8.36,18.5,12.49,10.96,1.74,20.54,2.04,1.29,4.85,18.92,3.43,6.99,5.1,16.53,10.59,18.66,2.49,12.61,999.0,13.05,21.8,5.88,21.54,17.35,10.22,4.86,0.28,10.78,21.25,7.04,14.92,6.25,5.74,5.31,11.16,8.24,2.03,12.23,3.86,3.86,10.49,18.0,20.84,7.88,5.62,10.88,8.95,3.08,12.61,8.9,15.77,6.38,12.72,8.68,14.18,16.88,10.74,12.98,11.66,9.95,5.42,3.31,2.45,3.23,4.55,0.0,10.81,5.62,1.94,7.85,10.73,14.93,15.76,1.6,23.92,4.1,3.5,5.64,20.66,0.0,17.11,5.6,0.77,4.44,1.26,10.96,4.76,6.16,4.1,9.34,18.45,15.1,5.62,15.5
26,7.91,6.21,1.93,2.62,10.27,9.14,10.26,11.47,9.82,10.49,14.33,7.78,11.42,14.19,11.87,13.03,15.21,10.88,8.28,13.55,13.42,15.36,14.39,7.28,13.05,999.0,9.6,8.75,9.11,4.67,14.13,9.75,13.05,2.3,12.3,7.2,9.36,8.25,9.79,16.55,11.4,8.93,14.79,4.45,10.54,9.32,14.0,14.05,8.41,11.28,9.9,2.39,4.44,15.49,7.28,4.86,3.56,8.31,8.95,15.05,1.42,11.31,12.03,0.33,2.9,4.96,10.42,15.53,11.22,9.89,15.27,13.05,11.66,9.9,13.2,5.24,7.09,2.72,7.42,11.48,11.25,16.09,9.91,14.62,9.08,13.05,15.58,7.63,12.3,8.94,14.25,2.15,17.2,7.85,12.22,7.24,13.64,5.47,9.9,9.66
27,12.92,3.67,8.89,9.19,18.12,18.73,19.81,17.7,18.64,19.7,22.75,2.57,20.48,23.04,21.39,19.56,24.42,20.48,16.71,21.43,22.82,22.77,23.52,15.95,21.8,9.6,999.0,16.39,0.82,8.21,23.6,17.53,21.87,11.46,6.95,16.75,17.19,17.79,19.34,25.91,20.61,15.14,23.72,13.39,19.91,17.94,23.43,21.4,1.31,20.86,19.45,11.97,13.95,24.56,15.95,12.9,9.44,15.86,17.65,24.64,9.22,18.51,21.34,9.83,10.15,11.95,17.74,24.65,19.6,18.58,24.65,21.8,20.95,19.45,22.34,14.14,16.35,7.08,14.4,20.35,2.64,25.29,18.35,24.14,1.83,21.8,23.68,16.21,21.03,17.38,23.06,11.65,26.31,15.79,21.66,13.35,20.64,12.61,19.45,17.24
28,4.66,12.76,8.08,7.49,1.73,8.65,9.79,17.51,12.69,11.89,6.45,15.47,5.43,7.16,8.16,18.48,9.13,9.1,1.8,17.17,13.09,19.35,8.15,11.56,5.88,8.75,16.39,999.0,16.23,13.41,13.19,1.14,6.03,6.54,15.38,6.26,14.2,6.36,7.27,10.95,12.5,2.62,7.91,9.9,6.2,2.66,13.3,18.34,15.55,10.03,7.25,7.23,6.05,8.93,11.56,3.91,12.1,0.53,12.44,12.58,10.11,16.4,12.51,8.8,6.55,4.46,1.7,9.14,3.44,3.19,9.92,5.88,12.37,7.25,7.13,4.02,9.93,9.93,13.91,4.85,18.69,9.9,2.53,10.34,15.1,5.88,18.45,2.24,5.17,1.96,7.1,7.08,10.64,0.99,7.86,3.46,18.45,12.58,7.25,14.74
29,12.94,3.48,8.55,8.91,17.96,18.21,19.26,16.91,17.97,19.09,22.54,1.78,20.17,22.77,20.96,18.77,24.08,19.98,16.46,20.69,22.22,22.0,23.19,15.29,21.54,9.11,0.82,16.23,999.0,7.46,23.02,17.37,21.59,11.06,7.65,16.3,16.47,17.35,18.89,25.54,19.99,15.1,23.43,12.78,19.52,17.68,22.85,20.64,0.71,20.33,19.0,11.5,13.51,24.25,15.29,12.65,8.74,15.71,16.98,24.12,8.65,17.75,20.73,9.33,9.88,11.77,17.62,24.33,19.38,18.31,24.27,21.54,20.34,19.0,22.01,13.81,15.75,6.69,13.65,20.06,2.5,24.95,18.12,23.71,2.36,21.54,22.95,15.94,20.77,17.13,22.79,11.21,25.99,15.59,21.26,13.28,19.86,11.89,19.0,16.5
30,12.27,6.31,5.92,6.71,14.88,12.0,12.84,9.62,10.78,12.13,18.74,5.69,15.56,18.4,15.36,11.45,19.12,13.86,12.82,13.24,15.38,14.57,18.38,8.15,17.35,4.67,8.21,13.41,7.46,999.0,16.27,14.38,17.31,6.89,13.38,10.8,9.03,11.85,13.24,20.25,13.0,13.53,18.94,6.08,14.39,13.76,16.05,13.2,6.91,13.99,13.37,6.48,8.41,19.52,8.15,9.53,1.7,12.98,9.77,17.73,3.3,10.31,13.82,4.6,7.34,9.54,15.09,19.51,15.7,14.29,18.95,17.35,13.41,13.37,17.22,9.73,9.01,4.87,6.2,15.75,8.79,19.99,14.4,18.0,8.63,17.35,15.5,12.14,16.62,13.46,18.49,6.47,21.16,12.49,15.86,11.78,12.47,4.5,13.37,9.05
31,17.08,20.34,15.42,15.57,12.73,5.22,3.97,11.82,6.01,4.24,11.78,21.46,8.75,10.01,5.47,11.32,8.42,4.11,11.41,7.85,1.04,9.6,8.62,8.26,10.22,14.13,23.6,13.19,23.02,16.27,999.0,12.88,9.96,12.84,25.94,7.82,8.83,7.15,5.94,7.87,3.5,15.71,9.82,10.3,7.19,10.67,0.39,9.45,22.34,3.25,5.95,11.93,10.31,9.34,8.26,13.22,14.64,13.39,6.94,2.44,14.38,9.77,2.58,13.86,14.88,14.66,13.97,9.04,11.35,10.36,7.14,10.22,2.99,5.95,8.38,11.4,7.31,16.83,11.32,9.6,24.86,8.8,11.15,5.34,23.21,10.22,7.53,11.18,10.19,11.28,10.25,12.34,9.86,12.64,6.14,15.67,10.29,12.08,5.95,9.28
32,5.65,13.9,9.16,8.59,0.6,8.64,9.71,18.01,12.91,11.95,5.33,16.58,4.68,6.13,7.65,18.88,8.19,8.86,1.96,17.36,12.87,19.55,7.21,12.0,4.86,9.75,17.53,1.14,17.37,14.38,12.88,999.0,5.04,7.49,16.44,6.46,14.62,6.37,7.05,10.04,12.5,3.41,6.89,10.55,5.74,2.22,13.03,18.6,16.69,9.81,7.01,8.09,6.71,7.93,12.0,4.96,13.02,1.67,12.75,12.08,11.08,16.79,12.43,9.78,7.65,5.59,1.15,8.15,2.41,2.56,9.08,4.86,12.32,7.01,6.26,4.79,10.29,11.03,14.53,4.01,19.82,8.93,1.79,9.64,16.24,4.86,18.52,2.61,4.19,1.71,6.06,7.98,9.61,1.9,7.26,4.53,18.77,13.31,7.01,15.17
33,10.67,18.19,13.07,12.68,4.53,7.64,8.14,18.33,12.3,10.74,1.95,20.58,1.89,1.18,4.6,18.73,3.21,6.75,5.18,16.31,10.33,18.43,2.25,12.46,0.28,13.05,21.87,6.03,21.59,17.31,9.96,5.04,999.0,10.79,21.4,6.93,14.74,6.11,5.55,5.08,10.93,8.43,1.9,12.14,3.68,3.93,10.22,17.78,20.89,7.64,5.43,10.86,8.91,2.9,12.46,8.97,15.73,6.53,12.54,8.4,14.17,16.69,10.5,12.98,11.72,10.05,5.64,3.12,2.63,3.28,4.29,0.28,10.57,5.43,1.66,7.87,10.58,14.97,15.63,1.57,23.97,3.9,3.61,5.36,20.75,0.28,16.87,5.65,0.87,4.54,1.2,10.95,4.61,6.28,3.84,9.49,18.24,15.0,5.43,15.33
34,6.52,7.88,2.65,2.73,8.0,7.66,8.87,12.29,9.38,9.63,12.03,9.87,9.21,11.93,9.94,13.65,13.06,9.24,5.98,13.53,12.25,15.52,12.2,7.17,10.78,2.3,11.46,6.54,11.06,6.89,12.84,7.49,10.79,999.0,13.12,5.37,9.62,6.37,7.93,14.47,10.51,7.05,12.55,4.54,8.46,7.02,12.76,14.28,10.35,9.78,8.03,1.24,2.58,13.28,7.17,2.76,5.57,6.13,8.67,13.46,3.59,11.74,11.0,2.29,2.17,3.33,8.23,13.34,8.92,7.6,13.2,10.78,10.67,8.03,11.01,2.94,6.39,4.38,8.31,9.22,13.32,13.93,7.61,12.69,10.69,10.78,15.38,5.33,10.02,6.64,11.99,0.82,15.01,5.61,10.2,5.56,14.04,6.59,8.03,10.03
35,10.84,7.07,10.65,10.39,17.01,20.73,21.97,22.86,22.11,22.66,21.7,8.93,20.51,22.54,22.39,24.63,24.41,22.18,16.4,25.73,25.37,27.41,23.44,19.56,21.25,12.3,6.95,15.38,7.65,13.38,25.94,16.44,21.4,13.12,999.0,18.25,21.46,19.12,20.64,26.16,23.56,13.24,23.28,16.74,20.57,17.67,25.87,26.06,7.64,22.81,20.71,14.13,15.63,24.29,19.56,13.11,13.98,14.87,21.25,26.36,12.73,23.2,24.1,12.62,11.06,11.73,16.18,24.48,18.82,18.3,25.02,21.25,23.76,20.71,22.34,14.84,19.31,9.7,19.06,20.1,9.18,25.22,17.81,25.02,5.37,21.25,27.83,16.15,20.53,16.97,22.48,13.7,26.01,15.17,22.41,11.91,25.49,17.06,20.71,21.67
36,9.41,13.23,8.02,8.01,6.61,2.66,3.93,11.79,6.46,5.67,8.68,14.97,5.05,7.88,4.68,12.51,8.33,3.93,4.54,10.93,7.42,13.11,7.63,5.77,7.04,7.2,16.75,6.26,16.3,10.8,7.82,6.46,6.93,5.37,18.25,999.0,8.29,1.06,2.59,9.47,6.35,8.43,8.32,5.23,3.61,4.54,7.81,12.14,15.59,4.6,2.7,4.81,2.81,8.78,5.77,5.4,9.14,6.26,6.31,8.13,7.96,10.42,6.52,7.01,7.22,6.85,7.6,8.74,6.26,4.71,8.17,7.04,6.31,2.7,6.51,3.59,3.94,9.7,8.75,5.49,18.45,9.19,5.27,7.42,16.05,7.04,12.2,4.02,6.43,4.78,8.02,5.1,10.38,5.44,5.08,8.02,12.33,8.07,2.7,8.86
37,15.98,14.7,11.24,11.81,14.84,7.15,7.05,3.59,2.91,4.84,16.64,14.72,12.88,15.45,10.82,4.27,15.01,8.56,12.66,4.29,7.8,6.01,14.67,2.65,14.92,9.36,17.19,14.2,16.47,9.03,8.83,14.62,14.74,9.62,21.46,8.29,999.0,8.78,9.22,15.36,5.37,15.86,15.67,5.09,11.07,12.82,8.49,4.7,15.88,8.06,9.35,8.38,8.37,15.74,2.65,11.74,7.78,14.06,2.27,10.98,8.73,2.2,6.29,9.03,11.65,12.8,15.72,15.58,14.53,12.99,14.21,14.92,5.91,9.35,13.8,10.46,4.35,11.77,2.93,13.52,17.77,15.72,13.55,12.67,17.38,14.92,6.5,12.03,14.43,13.01,15.64,8.81,16.96,13.26,11.59,14.81,4.43,4.59,9.35,0.59
38,9.93,14.24,9.02,8.97,6.42,2.3,3.46,12.35,6.67,5.59,7.93,16.03,4.22,6.99,3.62,12.93,7.3,3.12,4.57,11.05,6.88,13.24,6.64,6.39,6.25,8.25,17.79,6.36,17.35,11.85,7.15,6.37,6.11,6.37,19.12,1.06,8.78,999.0,1.57,8.41,6.15,8.71,7.38,6.18,2.62,4.27,7.19,12.36,16.64,3.9,1.66,5.86,3.84,7.79,6.39,6.13,10.18,6.45,6.68,7.24,9.03,10.85,6.17,8.07,8.14,7.57,7.52,7.73,5.78,4.29,7.11,6.25,6.02,1.66,5.54,4.32,4.51,10.72,9.53,4.76,19.5,8.16,4.95,6.36,17.05,6.25,12.15,4.18,5.69,4.66,7.14,6.14,9.36,5.65,4.02,8.53,12.64,8.99,1.66,9.37
39,11.2,15.81,10.58,10.53,6.98,2.09,2.78,12.81,6.75,5.3,7.48,17.55,3.75,6.23,2.13,13.18,6.11,1.84,5.48,10.89,5.83,13.05,5.58,7.07,5.74,9.79,19.34,7.27,18.89,13.24,5.94,7.05,5.55,7.93,20.64,2.59,9.22,1.57,999.0,7.02,5.65,9.77,6.49,7.38,1.88,4.83,6.04,12.31,18.19,2.77,0.14,7.4,5.39,6.71,7.07,7.59,11.55,7.45,7.0,5.75,10.51,11.14,5.44,9.59,9.69,9.03,8.18,6.61,5.92,4.64,5.73,5.74,5.39,0.14,4.61,5.81,5.23,12.28,10.38,4.49,21.03,6.93,5.41,4.84,18.62,5.74,11.71,5.24,5.35,5.39,6.42,7.69,8.16,6.7,2.67,9.79,12.72,10.09,0.14,9.81
40,15.61,22.27,17.02,16.78,9.57,8.62,8.34,18.81,12.5,10.61,5.93,24.32,5.65,4.21,4.92,18.7,1.88,6.89,9.76,15.55,8.68,17.43,2.84,13.7,5.31,16.55,25.91,10.95,25.54,20.25,7.87,10.04,5.08,14.47,26.16,9.47,15.36,8.41,7.02,999.0,10.37,13.45,3.54,14.39,6.02,8.5,8.25,17.13,24.82,7.3,6.89,14.18,12.12,2.48,13.7,13.27,18.56,11.4,13.11,5.55,17.42,16.88,9.6,16.4,15.85,14.53,10.71,2.14,7.67,7.87,1.3,5.31,9.86,6.89,3.83,11.8,11.99,18.85,17.08,6.1,27.78,1.42,8.43,2.72,24.98,5.31,15.4,10.04,5.88,9.2,4.39,14.41,2.06,11.01,4.39,14.35,17.86,17.03,6.89,15.91
41,15.7,17.53,12.92,13.2,12.51,3.86,2.87,8.56,2.51,0.91,12.88,18.36,9.29,11.35,6.44,8.34,10.37,4.18,10.72,5.4,2.49,7.5,10.25,4.88,11.16,11.4,20.61,12.5,19.99,13.0,3.5,12.5,10.93,10.51,23.56,6.35,5.37,6.15,5.65,10.37,999.0,14.77,11.38,7.22,7.44,10.34,3.19,6.93,19.33,3.34,5.73,9.43,8.21,11.21,4.88,11.52,11.41,12.56,3.45,5.61,11.42,6.56,0.92,11.1,12.65,12.9,13.65,10.98,11.57,10.24,9.35,11.16,0.54,5.73,9.63,9.78,4.31,14.11,7.83,10.09,21.7,10.96,10.98,7.65,20.38,11.16,6.07,10.29,10.89,10.79,11.57,9.87,12.16,11.75,7.24,14.33,7.55,8.68,5.73,5.85
42,2.42,11.65,7.73,6.99,3.91,10.98,12.17,18.96,14.68,14.1,8.49,14.6,8.02,9.5,10.77,20.1,11.6,11.6,4.31,19.16,15.55,21.31,10.62,13.22,8.24,8.93,15.14,2.62,15.1,13.53,15.71,3.41,8.43,7.05,13.24,8.43,15.86,8.71,9.77,13.45,14.77,999.0,10.25,11.15,8.81,5.28,15.8,20.22,14.46,12.51,9.76,8.06,7.49,11.32,13.22,4.34,12.47,2.32,14.31,15.19,10.34,18.06,14.87,9.07,6.21,3.99,2.94,11.55,5.8,5.79,12.47,8.24,14.69,9.76,9.66,5.41,11.77,9.37,15.14,7.4,17.6,12.33,5.1,12.95,13.67,8.24,20.59,4.55,7.59,4.57,9.4,7.77,12.97,3.08,10.48,1.86,20.22,13.57,9.76,16.36
43,12.53,20.05,14.9,14.53,6.35,8.52,8.77,19.25,13.05,11.34,2.4,22.38,3.38,0.76,4.97,19.48,1.76,7.28,7.07,16.78,10.36,18.84,1.2,13.56,2.03,14.79,23.72,7.91,23.43,18.94,9.82,6.89,1.9,12.55,23.28,8.32,15.67,7.38,6.49,3.54,11.38,10.25,999.0,13.54,4.78,5.8,10.13,18.31,22.73,8.04,6.35,12.54,10.54,1.1,13.56,10.84,17.32,8.41,13.42,7.91,15.85,17.5,10.82,14.7,13.57,11.94,7.4,1.4,4.48,5.15,3.14,2.03,10.96,6.35,1.88,9.66,11.7,16.79,16.83,3.37,25.79,2.19,5.51,4.67,22.62,2.03,17.09,7.51,2.76,6.43,0.88,12.67,2.73,8.17,4.16,11.37,18.87,16.37,6.35,16.25
44,11.0,10.37,6.25,6.76,10.9,5.95,6.77,7.83,5.4,6.31,13.82,11.18,10.27,13.11,9.48,9.12,13.45,7.82,8.65,9.15,9.46,11.06,12.82,2.83,12.23,4.45,13.39,9.9,12.78,6.08,10.3,10.55,12.14,4.54,16.74,5.23,5.09,6.18,7.38,14.39,7.22,11.15,13.54,999.0,8.8,9.2,10.1,9.78,12.11,7.91,7.52,3.31,3.85,13.96,2.83,6.86,4.39,9.65,4.51,11.66,4.22,7.2,7.96,4.12,6.55,7.8,11.55,13.9,11.12,9.56,13.11,12.23,7.56,7.52,11.72,5.9,2.99,7.07,4.02,10.65,14.56,14.29,9.93,12.03,13.2,12.23,11.14,7.96,11.58,9.16,13.24,3.73,15.51,8.91,10.05,9.91,9.5,2.87,7.52,5.49
45,10.54,16.29,11.03,10.83,5.55,3.97,4.59,14.65,8.63,7.15,5.6,18.3,1.87,4.43,1.96,15.06,4.73,3.36,4.54,12.75,7.29,14.9,4.03,8.83,3.86,10.54,19.91,6.2,19.52,14.39,7.19,5.74,3.68,8.46,20.57,3.61,11.07,2.62,1.88,6.02,7.44,8.81,4.78,8.8,999.0,3.56,7.37,14.18,18.81,4.31,1.77,8.18,6.12,5.17,8.83,7.48,12.73,6.5,8.86,6.38,11.45,13.01,7.14,10.4,9.93,8.84,6.8,5.13,4.22,3.19,4.74,3.86,7.14,1.77,2.92,5.87,6.96,12.84,12.07,2.64,21.77,5.6,3.97,4.45,19.03,3.86,13.48,4.54,3.47,4.24,4.6,8.39,6.78,5.85,1.84,9.16,14.6,11.6,1.77,11.66
46,7.2,14.27,9.18,8.77,2.17,6.5,7.52,16.3,10.91,9.84,5.01,16.7,2.87,5.1,5.51,17.05,6.76,6.64,1.28,15.32,10.65,17.5,5.79,10.26,3.86,9.32,17.94,2.66,17.68,13.76,10.67,2.22,3.93,7.02,17.67,4.54,12.82,4.27,4.83,8.5,10.34,5.28,5.8,9.2,3.56,999.0,10.81,16.61,16.98,7.59,4.79,7.28,5.53,6.71,10.26,5.04,12.26,3.02,10.83,9.94,10.52,14.95,10.23,9.28,7.8,6.14,3.34,6.86,1.96,0.65,7.4,3.86,10.14,4.79,4.68,4.08,8.47,11.08,13.05,2.47,20.07,7.58,0.74,7.7,16.82,3.86,16.38,1.74,3.09,0.72,5.11,7.3,8.47,2.51,5.2,5.88,16.84,12.05,4.79,13.39
47,17.13,20.2,15.32,15.49,12.89,5.19,3.92,11.45,5.69,3.96,12.06,21.28,8.96,10.31,5.7,10.93,8.76,4.2,11.52,7.46,0.7,9.22,8.93,8.0,10.49,14.0,23.43,13.3,22.85,16.05,0.39,13.03,10.22,12.76,25.87,7.81,8.49,7.19,6.04,8.25,3.19,15.8,10.13,10.1,7.37,10.81,999.0,9.06,22.17,3.31,6.06,11.83,10.25,9.67,8.0,13.22,14.42,13.49,6.64,2.83,14.21,9.4,2.28,13.72,14.82,14.66,14.13,9.38,11.55,10.52,7.49,10.49,2.7,6.06,8.66,11.4,7.12,16.71,11.02,9.82,24.66,9.15,11.31,5.7,23.07,10.49,7.16,11.26,10.43,11.41,10.55,12.24,10.23,12.73,6.39,15.72,9.9,11.82,6.06,8.94
48,20.54,19.18,15.94,16.51,18.74,10.27,9.64,4.14,5.7,7.04,19.73,18.86,16.05,18.26,13.35,2.54,17.28,11.07,16.68,1.6,8.51,1.37,17.18,7.14,18.0,14.05,21.4,18.34,20.64,13.2,9.45,18.6,17.78,14.28,26.06,12.14,4.7,12.36,12.31,17.13,6.93,20.22,18.31,9.78,14.18,16.61,9.06,999.0,20.11,10.27,12.42,13.04,12.81,18.13,7.14,16.26,12.18,18.27,5.92,11.88,13.36,2.9,7.57,13.72,16.33,17.4,19.74,17.89,18.1,16.65,16.2,18.0,7.38,12.42,16.54,14.83,8.46,16.41,7.06,16.8,21.67,17.84,17.31,14.45,21.77,18.0,3.07,16.11,17.66,16.92,18.48,13.47,19.01,17.45,14.16,19.32,1.12,9.01,12.42,4.4
49,12.33,2.82,7.84,8.21,17.28,17.51,18.57,16.43,17.34,18.42,21.85,1.37,19.46,22.06,20.25,18.28,23.37,19.28,15.76,20.13,21.55,21.47,22.49,14.65,20.84,8.41,1.31,15.55,0.71,6.91,22.34,16.69,20.89,10.35,7.64,15.59,15.88,16.64,18.19,24.82,19.33,14.46,22.73,12.11,18.81,16.98,22.17,20.11,999.0,19.63,18.29,10.79,12.8,23.54,14.65,11.95,8.14,15.03,16.35,23.42,7.97,17.22,20.07,8.63,9.18,11.09,16.96,23.62,18.68,17.61,23.55,20.84,19.67,18.29,21.3,13.1,15.08,5.98,13.1,19.36,3.14,24.24,17.42,23.0,2.27,20.84,22.37,15.24,20.07,16.44,22.09,10.5,25.29,14.91,20.55,12.64,19.35,11.3,18.29,15.94
50,13.83,17.47,12.41,12.49,9.72,2.14,1.16,11.53,5.22,3.36,9.57,18.85,6.09,8.01,3.1,11.54,7.09,0.96,8.24,8.75,3.07,10.83,6.92,6.56,7.88,11.28,20.86,10.03,20.33,13.99,3.25,9.81,7.64,9.78,22.81,4.6,8.06,3.9,2.77,7.3,3.34,12.51,8.04,7.91,4.31,7.59,3.31,10.27,19.63,999.0,2.8,8.98,7.21,7.9,6.56,9.98,12.3,10.2,5.82,3.79,11.71,9.64,2.87,11.03,11.76,11.43,10.93,7.69,8.53,7.37,6.18,7.88,2.94,2.8,6.29,8.17,5.07,13.93,9.92,6.92,22.3,7.73,8.14,4.62,20.33,7.88,9.24,7.96,7.66,8.16,8.23,9.35,8.96,9.43,3.9,12.42,10.85,10.18,2.8,8.62
51,11.22,15.91,10.68,10.61,6.93,2.22,2.86,12.94,6.87,5.4,7.36,17.67,3.64,6.1,2.0,13.3,5.97,1.86,5.47,10.99,5.87,13.15,5.44,7.21,5.62,9.9,19.45,7.25,19.0,13.37,5.95,7.01,5.43,8.03,20.71,2.7,9.35,1.66,0.14,6.89,5.73,9.76,6.35,7.52,1.77,4.79,6.06,12.42,18.29,2.8,999.0,7.51,5.5,6.57,7.21,7.64,11.68,7.44,7.12,5.7,10.63,11.26,5.5,9.71,9.77,9.08,8.13,6.47,5.84,4.59,5.6,5.62,5.46,0.0,4.47,5.87,5.37,12.38,10.52,4.39,21.14,6.79,5.35,4.72,18.71,5.62,11.79,5.25,5.24,5.36,6.28,7.8,8.02,6.7,2.53,9.81,12.83,10.23,0.0,9.94
52,7.71,8.5,3.5,3.78,8.55,6.84,8.0,11.09,8.19,8.54,12.26,10.17,9.16,11.97,9.48,12.43,12.88,8.53,6.39,12.3,11.28,14.28,12.08,5.93,10.88,2.39,11.97,7.23,11.5,6.48,11.93,8.09,10.86,1.24,14.13,4.81,8.38,5.86,7.4,14.18,9.43,8.06,12.54,3.31,8.18,7.28,11.83,13.04,10.79,8.98,7.51,999.0,2.06,13.19,5.93,3.71,4.99,6.88,7.46,12.72,3.31,10.51,9.97,2.22,3.36,4.5,8.93,13.22,9.23,7.8,12.89,10.88,9.63,7.51,10.9,3.31,5.23,4.96,7.15,9.29,13.65,13.76,7.94,12.22,11.35,10.88,14.17,5.7,10.15,7.01,12.05,0.46,14.89,6.26,9.83,6.68,12.8,5.51,7.51,8.79
53,7.77,10.42,5.23,5.28,7.09,5.11,6.34,11.52,7.47,7.37,10.4,12.21,7.16,9.99,7.45,12.61,10.83,6.66,4.84,11.85,9.77,13.95,10.04,5.73,8.95,4.44,13.95,6.05,13.51,8.41,10.31,6.71,8.91,2.58,15.63,2.81,8.37,3.84,5.39,12.12,8.21,7.49,10.54,3.85,6.12,5.53,10.25,12.81,12.8,7.21,5.5,2.06,999.0,11.16,5.73,3.47,6.83,5.82,6.94,10.88,5.34,10.57,8.61,4.28,4.57,4.75,7.7,11.17,7.48,5.98,10.84,8.95,8.31,5.5,8.86,2.1,4.44,6.89,7.86,7.34,15.69,11.7,6.23,10.2,13.24,8.95,13.5,4.14,8.23,5.39,10.08,2.3,12.84,5.07,7.78,6.51,12.75,6.6,5.5,8.87
54,13.57,20.89,15.7,15.37,7.41,8.65,8.74,19.3,13.03,11.25,3.45,23.15,4.08,1.84,4.93,19.43,0.92,7.23,7.99,16.58,9.97,18.59,1.15,13.76,3.08,15.49,24.56,8.93,24.25,19.52,9.34,7.93,2.9,13.28,24.29,8.78,15.74,7.79,6.71,2.48,11.21,11.32,1.1,13.96,5.17,6.71,9.67,18.13,23.54,7.9,6.57,13.19,11.16,999.0,13.76,11.71,17.88,9.42,13.48,7.27,16.5,17.49,10.58,15.37,14.41,12.86,8.48,0.35,5.52,6.06,2.32,3.08,10.75,6.57,2.3,10.44,11.93,17.57,17.09,4.25,26.58,1.1,6.48,4.03,23.5,3.08,16.74,8.39,3.76,7.37,1.98,13.35,1.76,9.14,4.16,12.39,18.74,16.75,6.57,16.33
55,13.41,13.09,9.07,9.55,12.24,5.13,5.43,6.04,2.68,4.04,14.32,13.62,10.58,13.26,8.91,6.92,13.1,6.81,10.04,6.37,7.31,8.36,12.65,0.0,12.61,7.28,15.95,11.56,15.29,8.15,8.26,12.0,12.46,7.17,19.56,5.77,2.65,6.39,7.07,13.7,4.88,13.22,13.56,2.83,8.83,10.26,8.0,7.14,14.65,6.56,7.21,5.93,5.73,13.76,999.0,9.14,6.6,11.41,1.72,10.02,6.95,4.85,5.73,6.95,9.27,10.26,13.09,13.63,12.03,10.47,12.48,12.61,5.31,7.21,11.68,7.81,1.88,9.88,3.38,11.15,16.89,13.87,11.0,11.1,15.89,12.61,8.32,9.41,12.08,10.41,13.43,6.38,15.12,10.61,9.62,12.21,7.02,3.82,7.21,3.18
56,4.3,9.23,4.23,3.74,5.51,8.05,9.32,14.7,10.94,10.72,9.91,11.73,7.68,10.15,9.28,15.92,11.65,9.24,3.81,15.32,12.82,17.42,10.71,9.14,8.9,4.86,12.9,3.91,12.65,9.53,13.22,4.96,8.97,2.76,13.11,5.4,11.74,6.13,7.59,13.27,11.52,4.34,10.84,6.86,7.48,5.04,13.22,16.26,11.95,9.98,7.64,3.71,3.47,11.71,9.14,999.0,8.3,3.46,10.41,13.33,6.25,13.93,11.82,4.94,2.77,1.45,5.56,11.83,6.75,5.69,12.07,8.9,11.56,7.64,9.55,1.82,7.91,6.12,10.82,7.47,15.05,12.5,5.47,11.92,11.79,8.9,16.96,3.32,8.13,4.49,10.16,3.44,13.46,3.07,9.32,3.07,16.15,9.23,7.64,12.21
57,11.45,7.01,5.19,5.98,13.5,10.31,11.16,8.9,9.27,10.53,17.21,7.04,13.95,16.8,13.67,10.66,17.46,12.17,11.37,12.06,13.76,13.55,16.74,6.6,15.77,3.56,9.44,12.1,8.74,1.7,14.64,13.02,15.73,5.57,13.98,9.14,7.78,10.18,11.55,18.56,11.41,12.47,17.32,4.39,12.73,12.26,14.42,12.18,8.14,12.3,11.68,4.99,6.83,17.88,6.6,8.3,999.0,11.7,8.27,16.05,2.16,9.29,12.21,3.4,6.43,8.52,13.79,17.86,14.21,12.76,17.27,15.77,11.8,11.68,15.58,8.29,7.35,4.68,5.12,14.17,10.3,18.33,12.92,16.31,9.61,15.77,14.28,10.69,15.05,12.0,16.9,5.04,19.51,11.16,14.18,10.8,11.54,3.2,11.68,7.88
58,4.21,12.23,7.58,6.98,2.27,8.74,9.91,17.32,12.65,11.93,6.98,14.95,5.84,7.66,8.46,18.33,9.6,9.29,1.99,17.13,13.25,19.3,8.61,11.41,6.38,8.31,15.86,0.53,15.71,12.98,13.39,1.67,6.53,6.13,14.87,6.26,14.06,6.45,7.45,11.4,12.56,2.32,8.41,9.65,6.5,3.02,13.49,18.27,15.03,10.2,7.44,6.88,5.82,9.42,11.41,3.46,11.7,999.0,12.36,12.87,9.69,16.26,12.62,8.38,6.05,3.94,2.11,9.62,3.95,3.58,10.36,6.38,12.46,7.44,7.58,3.74,9.84,9.42,13.67,5.3,18.17,10.38,2.97,10.71,14.57,6.38,18.46,2.28,5.66,2.29,7.61,6.71,11.14,0.83,8.2,2.97,18.34,12.28,7.44,14.59
59,14.71,14.81,10.71,11.15,12.92,4.91,4.79,5.83,1.01,2.75,14.45,15.3,10.69,13.21,8.55,6.25,12.75,6.29,10.81,4.92,5.94,7.02,12.41,1.72,12.72,8.95,17.65,12.44,16.98,9.77,6.94,12.75,12.54,8.67,21.25,6.31,2.27,6.68,7.0,13.11,3.45,14.31,13.42,4.51,8.86,10.83,6.64,5.92,16.35,5.82,7.12,7.46,6.94,13.48,1.72,10.41,8.27,12.36,999.0,8.92,8.66,4.17,4.36,8.63,10.81,11.62,13.88,13.31,12.46,10.95,11.96,12.72,3.95,7.12,11.55,8.93,2.54,11.58,4.38,11.35,18.54,13.46,11.56,10.44,17.6,12.72,6.71,10.22,12.26,11.09,13.4,7.91,14.7,11.54,9.32,13.45,6.02,5.33,7.12,2.84
60,16.84,21.22,16.11,16.14,11.82,5.91,4.9,14.13,8.08,6.18,10.07,22.64,7.56,8.23,4.43,13.71,6.35,4.21,10.9,10.29,3.4,12.03,6.72,10.02,8.68,15.05,24.64,12.58,24.12,17.73,2.44,12.08,8.4,13.46,26.36,8.13,10.98,7.24,5.75,5.55,5.61,15.19,7.91,11.66,6.38,9.94,2.83,11.88,23.42,3.79,5.7,12.72,10.88,7.27,10.02,13.33,16.05,12.87,8.92,999.0,15.5,12.09,4.71,14.81,15.35,14.77,13.09,6.95,10.22,9.52,4.98,8.68,5.08,5.7,6.75,11.55,8.75,17.68,13.26,8.39,26.09,6.6,10.29,3.25,24.07,8.68,9.91,10.81,8.81,10.62,8.47,13.08,7.58,12.19,4.86,15.44,12.72,13.77,5.7,11.47
61,9.29,6.15,3.08,3.86,11.59,9.61,10.63,10.49,9.6,10.51,15.52,7.14,12.47,15.28,12.63,12.13,16.17,11.42,9.54,13.0,13.59,14.7,15.38,6.95,14.18,1.42,9.22,10.11,8.65,3.3,14.38,11.08,14.17,3.59,12.73,7.96,8.73,9.03,10.51,17.42,11.42,10.34,15.85,4.22,11.45,10.52,14.21,13.36,7.97,11.71,10.63,3.31,5.34,16.5,6.95,6.25,2.16,9.69,8.66,15.5,999.0,10.53,12.13,1.31,4.27,6.37,11.79,16.51,12.45,11.07,16.12,14.18,11.74,10.63,14.2,6.46,7.13,3.05,6.49,12.59,10.6,17.04,11.14,15.34,8.97,14.18,15.12,8.87,13.44,10.19,15.36,3.23,18.18,9.19,13.04,8.65,12.85,4.48,10.63,8.95
62,18.15,16.3,13.22,13.83,17.0,9.05,8.75,2.06,4.45,6.28,18.61,15.98,14.86,17.33,12.57,2.09,16.71,10.26,14.84,3.19,8.74,4.27,16.45,4.85,16.88,11.31,18.51,16.4,17.75,10.31,9.77,16.79,16.69,11.74,23.2,10.42,2.2,10.85,11.14,16.88,6.56,18.06,17.5,7.2,13.01,14.95,9.4,2.9,17.22,9.64,11.26,10.51,10.57,17.49,4.85,13.93,9.29,16.26,4.17,12.09,10.53,999.0,7.41,10.99,13.73,14.97,17.9,17.29,16.62,15.09,15.8,16.88,7.09,11.26,15.65,12.66,6.5,13.58,4.17,15.53,18.82,17.37,15.68,14.16,18.87,16.88,5.44,14.22,16.43,15.17,17.53,10.93,18.59,15.46,13.36,17.0,2.33,6.14,11.26,1.72
63,15.93,18.19,13.47,13.72,12.4,3.89,2.73,9.43,3.43,1.7,12.43,19.13,8.95,10.84,5.93,9.13,9.72,3.79,10.72,6.0,1.58,8.02,9.66,5.73,10.74,12.03,21.34,12.51,20.73,13.82,2.58,12.43,10.5,11.0,24.1,6.52,6.29,6.17,5.44,9.6,0.92,14.87,10.82,7.96,7.14,10.23,2.28,7.57,20.07,2.87,5.5,9.97,8.61,10.58,5.73,11.82,12.21,12.62,4.36,4.71,12.13,7.41,999.0,11.74,13.12,13.23,13.57,10.33,11.33,10.08,8.63,10.74,0.42,5.5,9.12,10.04,5.0,14.75,8.74,9.77,22.49,10.27,10.84,6.9,21.05,10.74,6.37,10.34,10.53,10.74,11.07,10.41,11.44,11.81,6.73,14.54,8.26,9.55,5.5,6.76
64,8.13,6.48,2.24,2.92,10.29,8.9,10.0,11.16,9.5,10.19,14.28,7.96,11.32,14.1,11.69,12.72,15.08,10.65,8.26,13.22,13.14,15.04,14.27,6.95,12.98,0.33,9.83,8.8,9.33,4.6,13.86,9.78,12.98,2.29,12.62,7.01,9.03,8.07,9.59,16.4,11.1,9.07,14.7,4.12,10.4,9.28,13.72,13.72,8.63,11.03,9.71,2.22,4.28,15.37,6.95,4.94,3.4,8.38,8.63,14.81,1.31,10.99,11.74,999.0,3.13,5.13,10.48,15.41,11.19,9.83,15.11,12.98,11.37,9.71,13.08,5.2,6.79,3.02,7.11,11.4,11.44,15.96,9.88,14.43,9.35,12.98,15.26,7.61,12.23,8.92,14.17,2.03,17.08,7.89,12.05,7.42,13.32,5.17,9.71,9.33
65,5.02,6.48,1.55,0.97,8.22,9.67,10.91,14.11,11.54,11.78,12.68,8.96,10.35,12.89,11.59,15.57,14.3,11.15,6.58,15.64,14.33,17.6,13.39,9.27,11.66,2.9,10.15,6.55,9.88,7.34,14.88,7.65,11.72,2.17,11.06,7.22,11.65,8.14,9.69,15.85,12.65,6.21,13.57,6.55,9.93,7.8,14.82,16.33,9.18,11.76,9.77,3.36,4.57,14.41,9.27,2.77,6.43,6.05,10.81,15.35,4.27,13.73,13.12,3.13,999.0,2.24,8.11,14.51,9.52,8.43,14.62,11.66,12.81,9.77,12.21,4.06,8.56,3.38,10.08,10.2,12.28,15.16,8.24,14.3,9.13,11.66,17.52,6.06,10.89,7.26,12.91,2.9,16.16,5.79,11.74,4.44,16.04,8.21,9.77,12.03
66,3.2,8.31,3.78,3.1,6.18,9.49,10.76,15.6,12.2,12.09,10.81,11.02,8.9,11.22,10.68,16.92,12.86,10.69,4.87,16.53,14.25,18.59,11.91,10.26,9.95,4.96,11.95,4.46,11.77,9.54,14.66,5.59,10.05,3.33,11.73,6.85,12.8,7.57,9.03,14.53,12.9,3.99,11.94,7.8,8.84,6.14,14.66,17.4,11.09,11.43,9.08,4.5,4.75,12.86,10.26,1.45,8.52,3.94,11.62,14.77,6.37,14.97,13.23,5.13,2.24,999.0,5.94,13.0,7.67,6.79,13.36,9.95,12.96,9.08,10.76,3.26,9.17,5.54,11.63,8.61,14.23,13.7,6.46,13.29,10.73,9.95,18.24,4.5,9.19,5.51,11.21,4.13,14.61,3.85,10.69,2.29,17.23,9.9,9.08,13.25
67,5.34,14.15,9.65,9.02,1.27,9.8,10.85,19.08,14.05,13.11,5.54,16.95,5.6,6.64,8.68,19.99,8.84,9.98,3.07,18.51,13.99,20.7,7.88,13.09,5.42,10.42,17.74,1.7,17.62,15.09,13.97,1.15,5.64,8.23,16.18,7.6,15.72,7.52,8.18,10.71,13.65,2.94,7.4,11.55,6.8,3.34,14.13,19.74,16.96,10.93,8.13,8.93,7.7,8.48,13.09,5.56,13.79,2.11,13.88,13.09,11.79,17.9,13.57,10.48,8.11,5.94,999.0,8.73,3.07,3.62,9.84,5.42,13.47,8.13,7.02,5.7,11.41,11.47,15.55,4.85,20.1,9.53,2.83,10.54,16.36,5.42,19.67,3.69,4.84,2.86,6.53,8.78,10.09,2.67,8.24,4.46,19.9,14.26,8.13,16.27
68,13.79,20.99,15.78,15.47,7.64,8.51,8.55,19.12,12.85,11.05,3.78,23.21,4.17,2.12,4.76,19.22,0.62,7.04,8.14,16.33,9.69,18.33,1.14,13.63,3.31,15.53,24.65,9.14,24.33,19.51,9.04,8.15,3.12,13.34,24.48,8.74,15.58,7.73,6.61,2.14,10.98,11.55,1.4,13.9,5.13,6.86,9.38,17.89,23.62,7.69,6.47,13.22,11.17,0.35,13.63,11.83,17.86,9.62,13.31,6.95,16.51,17.29,10.33,15.41,14.51,13.0,8.73,999.0,5.75,6.21,1.98,3.31,10.51,6.47,2.33,10.52,11.81,17.65,16.97,4.39,26.65,0.8,6.67,3.72,23.62,3.31,16.47,8.52,3.97,7.53,2.27,13.38,1.67,9.31,4.01,12.58,18.52,16.67,6.47,16.16
69,8.05,15.93,10.96,10.49,1.9,7.85,8.7,18.05,12.43,11.17,3.17,18.47,2.66,3.73,5.91,18.71,5.81,7.57,2.96,16.74,11.51,18.92,4.83,12.03,2.45,11.22,19.6,3.44,19.38,15.7,11.35,2.41,2.63,8.92,18.82,6.26,14.53,5.78,5.92,7.67,11.57,5.8,4.48,11.12,4.22,1.96,11.55,18.1,18.68,8.53,5.84,9.23,7.48,5.52,12.03,6.75,14.21,3.95,12.46,10.22,12.45,16.62,11.33,11.19,9.52,7.67,3.07,5.75,999.0,1.57,6.76,2.45,11.3,5.84,3.95,5.99,10.19,12.86,14.92,1.84,21.8,6.53,1.31,7.51,18.39,2.45,17.63,3.59,1.79,2.29,3.66,9.24,7.21,3.82,5.36,6.9,18.41,13.98,5.84,15.11
70,7.79,14.91,9.8,9.4,2.37,6.45,7.39,16.5,10.96,9.79,4.46,17.32,2.26,4.46,5.09,17.18,6.11,6.41,1.93,15.32,10.41,17.51,5.14,10.47,3.23,9.89,18.58,3.19,18.31,14.29,10.36,2.56,3.28,7.6,18.3,4.71,12.99,4.29,4.64,7.87,10.24,5.79,5.15,9.56,3.19,0.65,10.52,16.65,17.61,7.37,4.59,7.8,5.98,6.06,10.47,5.69,12.76,3.58,10.95,9.52,11.07,15.09,10.08,9.83,8.43,6.79,3.62,6.21,1.57,999.0,6.79,3.23,10.02,4.59,4.04,4.65,8.64,11.7,13.35,1.82,20.69,6.93,0.79,7.15,17.47,3.23,16.3,2.37,2.46,1.34,4.48,7.84,7.82,3.14,4.71,6.49,16.93,12.43,4.59,13.56
71,14.57,21.02,15.76,15.54,8.64,7.38,7.17,17.7,11.39,9.52,5.5,23.04,4.53,3.66,3.64,17.67,1.42,5.69,8.64,14.62,7.85,16.57,2.11,12.48,4.55,15.27,24.65,9.92,24.27,18.95,7.14,9.08,4.29,13.2,25.02,8.17,14.21,7.11,5.73,1.3,9.35,12.47,3.14,13.11,4.74,7.4,7.49,16.2,23.55,6.18,5.6,12.89,10.84,2.32,12.48,12.07,17.27,10.36,11.96,4.98,16.12,15.8,8.63,15.11,14.62,13.36,9.84,1.98,6.76,6.79,999.0,4.55,8.86,5.6,2.82,10.56,10.74,17.58,15.86,5.08,26.5,1.66,7.4,1.8,23.74,4.55,14.63,8.87,5.01,8.12,3.88,13.12,2.81,9.91,3.09,13.27,16.89,15.76,5.6,14.78
72,10.5,18.13,13.03,12.63,4.33,7.83,8.36,18.5,12.49,10.96,1.74,20.54,2.04,1.29,4.85,18.92,3.43,6.99,5.1,16.53,10.59,18.66,2.49,12.61,0.0,13.05,21.8,5.88,21.54,17.35,10.22,4.86,0.28,10.78,21.25,7.04,14.92,6.25,5.74,5.31,11.16,8.24,2.03,12.23,3.86,3.86,10.49,18.0,20.84,7.88,5.62,10.88,8.95,3.08,12.61,8.9,15.77,6.38,12.72,8.68,14.18,16.88,10.74,12.98,11.66,9.95,5.42,3.31,2.45,3.23,4.55,999.0,10.81,5.62,1.94,7.85,10.73,14.93,15.76,1.6,23.92,4.1,3.5,5.64,20.66,0.0,17.11,5.6,0.77,4.44,1.26,10.96,4.76,6.16,4.1,9.34,18.45,15.1,5.62,15.5
73,15.7,17.82,13.13,13.38,12.31,3.73,2.63,9.09,3.03,1.28,12.51,18.73,8.97,10.95,6.03,8.85,9.9,3.82,10.58,5.83,2.0,7.89,9.81,5.31,10.81,11.66,20.95,12.37,20.34,13.41,2.99,12.32,10.57,10.67,23.76,6.31,5.91,6.02,5.39,9.86,0.54,14.69,10.96,7.56,7.14,10.14,2.7,7.38,19.67,2.94,5.46,9.63,8.31,10.75,5.31,11.56,11.8,12.46,3.95,5.08,11.74,7.09,0.42,11.37,12.81,12.96,13.47,10.51,11.3,10.02,8.86,10.81,999.0,5.46,9.23,9.8,4.61,14.38,8.33,9.78,22.08,10.48,10.76,7.15,20.67,10.81,6.34,10.18,10.56,10.63,11.17,10.07,11.67,11.65,6.84,14.32,8.03,9.13,5.46,6.39
