,1,2,3,4,5,6,7,8,9,10,11,12,13,14,15,16,17,18,19,20,21,22,23,24,25,26,27,28,29,30,31,32,33,34,35,36,37,38,39,40,41,42,43,44,45,46,47,48,49,50,51,52,53,54,55,56,57,58,59,60,61,62,63,64,65,66,67,68,69,70,71,72,73,74,75,76,77,78,79,80,81,82,83,84,85,86,87,88,89,90,91,92,93,94,95,96,97,98,99,100
1,999.0,14.68,21.13,21.55,18.03,20.94,21.36,17.38,7.3,16.04,18.43,10.87,3.14,18.22,22.33,14.93,17.09,2.21,23.07,22.04,19.82,17.13,14.59,21.13,20.75,23.72,1.7,0.36,0.29,12.16,20.34,8.06,18.36,22.23,21.51,15.36,22.46,18.26,19.61,14.24,13.27,11.94,14.78,5.34,0.72,8.25,21.72,11.94,12.94,4.33,11.56,17.49,21.08,13.83,7.73,15.29,23.0,16.4,13.27,13.27,14.16,3.85,24.05,16.4,21.84,9.83,19.73,22.16,15.79,15.62,7.81,19.78,20.72,18.58,18.57,3.78,14.36,13.16,16.64,14.45,8.28,13.79,23.53,18.24,22.76,23.04,13.03,12.33,17.38,14.74,18.51,22.74,17.9,13.27,26.5,8.12,16.5,14.22,9.64,20.39
2,14.68,999.0,8.16,8.02,6.35,7.81,6.68,2.7,8.02,8.6,6.24,3.81,13.23,10.89,8.13,4.1,2.41,15.91,8.59,8.65,12.14,5.67,1.67,7.82,8.34,10.01,15.55,14.97,14.48,4.26,8.44,6.62,4.65,9.11,7.88,4.64,7.78,6.26,7.76,5.49,5.77,2.81,11.79,10.8,14.65,7.23,8.12,2.81,6.09,18.52,5.89,5.05,6.47,3.94,8.02,6.26,8.56,6.46,5.77,5.06,0.69,16.05,9.47,2.99,8.39,7.54,6.89,7.66,11.65,10.42,8.01,5.5,6.35,10.93,6.27,18.45,8.29,8.12,12.51,2.21,9.35,3.41,9.54,3.93,8.17,8.37,4.92,4.7,2.7,4.02,12.14,8.18,10.65,5.77,23.89,9.81,7.11,3.57,5.1,5.72
3,21.13,8.16,999.0,10.94,3.24,0.41,5.65,6.45,15.59,7.17,11.78,11.16,20.44,7.53,3.1,6.2,6.61,22.78,8.68,1.14,7.67,4.07,7.19,0.71,0.99,11.72,22.34,21.46,20.87,8.98,1.81,13.59,3.53,12.22,10.71,11.98,6.59,11.96,2.09,13.27,8.1,10.56,11.34,16.19,20.89,14.97,1.38,10.56,8.51,25.33,14.04,3.66,4.86,7.3,15.77,13.7,8.89,13.43,8.1,13.07,8.84,23.3,8.57,9.44,11.28,15.65,1.4,8.16,10.44,9.28,15.78,8.37,8.29,7.23,2.57,24.83,8.47,16.11,10.76,7.07,13.62,11.4,10.81,4.59,7.85,6.94,12.98,8.8,6.45,11.64,8.82,8.1,7.54,8.1,30.84,13.99,14.11,11.42,12.51,6.29
4,21.55,8.02,10.94,999.0,11.57,10.55,5.39,6.28,14.27,15.39,3.43,11.22,19.38,17.1,8.47,11.22,6.43,22.29,3.33,10.52,17.87,11.46,9.27,10.25,11.76,2.18,22.03,21.78,21.39,12.25,12.38,13.82,8.64,1.3,0.24,6.33,4.94,3.66,12.09,7.75,13.43,10.08,19.22,18.49,21.68,13.33,9.87,10.08,13.82,24.81,10.27,10.36,6.12,11.56,13.94,7.1,3.07,6.06,13.43,8.5,8.19,21.92,4.39,5.34,0.39,12.27,10.55,3.16,18.83,17.53,13.88,2.9,2.66,16.97,10.94,25.16,15.64,10.22,19.54,9.79,17.34,7.75,2.19,7.41,3.88,5.01,8.69,12.63,6.28,6.85,18.48,3.61,16.96,13.43,20.85,17.79,6.43,7.33,12.15,4.66
5,18.03,6.35,3.24,11.57,999.0,3.19,7.0,5.73,12.92,4.33,11.45,8.58,17.53,5.55,5.61,3.23,5.76,19.76,10.13,4.32,6.34,0.91,4.95,3.5,2.73,12.86,19.3,18.36,17.77,5.97,2.39,10.75,2.93,12.87,11.35,10.81,8.23,11.57,1.64,11.83,4.88,8.21,8.56,13.0,17.76,12.39,4.26,8.21,5.28,22.28,12.04,1.36,6.23,4.31,13.17,12.5,10.28,12.5,4.88,11.4,6.97,20.38,10.37,8.52,11.95,13.4,2.02,9.39,7.82,6.56,13.2,8.7,8.98,5.4,0.83,21.7,5.37,14.45,8.34,4.63,10.39,9.76,12.04,4.18,9.35,8.73,11.25,5.72,5.73,10.29,6.93,9.54,5.43,4.88,30.08,10.76,13.18,9.91,9.87,7.1
6,20.94,7.81,0.41,10.55,3.19,999.0,5.27,6.06,15.32,7.26,11.38,10.88,20.2,7.74,2.83,6.01,6.22,22.58,8.33,1.14,7.96,3.96,6.9,0.39,1.29,11.35,22.14,21.28,20.69,8.78,2.08,13.35,3.18,11.82,10.31,11.59,6.24,11.55,2.23,12.89,8.0,10.25,11.45,16.05,20.72,14.68,1.17,10.25,8.42,25.13,13.7,3.45,4.48,7.12,15.48,13.3,8.53,13.03,8.0,12.7,8.5,23.07,8.25,9.04,10.89,15.32,1.22,7.79,10.58,9.4,15.49,7.96,7.89,7.46,2.46,24.66,8.49,15.74,10.93,6.8,13.52,11.03,10.44,4.2,7.49,6.61,12.62,8.64,6.06,11.26,9.06,7.74,7.74,8.0,30.44,13.9,13.71,11.05,12.24,5.89
7,21.36,6.68,5.65,5.39,7.0,5.27,999.0,3.98,14.62,11.25,7.03,10.49,19.86,12.48,3.11,7.91,4.27,22.59,3.15,5.14,13.0,7.2,6.98,4.95,6.54,6.08,22.23,21.65,21.15,9.97,7.24,13.3,4.28,6.62,5.15,8.39,1.3,7.25,7.09,9.93,10.34,9.47,15.4,17.23,21.31,13.77,4.5,9.47,10.78,25.19,11.65,6.1,0.81,8.68,14.53,9.91,3.32,9.27,10.34,10.16,7.25,22.66,3.41,5.95,5.7,13.6,5.52,2.52,14.77,13.48,14.51,3.29,2.84,12.28,6.24,25.13,11.94,12.86,15.33,7.29,15.33,8.69,5.19,3.53,2.35,1.87,10.2,10.14,3.98,8.4,13.86,2.55,12.4,10.34,25.93,15.77,9.9,8.49,11.78,1.22
8,17.38,2.7,6.45,6.28,5.73,6.06,3.98,999.0,10.68,9.17,5.71,6.51,15.91,11.07,5.7,4.94,0.29,18.61,6.11,6.66,12.04,5.4,3.24,5.95,6.91,8.01,18.25,17.67,17.17,6.33,7.25,9.32,3.07,7.53,6.1,5.54,5.11,5.84,6.72,6.87,7.21,5.5,12.94,13.37,17.34,9.86,6.04,5.5,7.62,21.21,8.06,4.39,3.8,5.37,10.63,7.25,6.13,7.01,7.21,6.81,3.29,18.71,6.89,2.99,6.68,9.9,5.44,5.19,12.56,11.26,10.61,3.43,4.08,10.99,5.31,21.14,9.35,9.78,13.3,3.68,11.66,5.18,7.39,1.86,5.6,5.7,6.77,6.61,0.0,5.25,12.42,5.65,10.89,7.21,24.54,12.12,7.7,5.11,7.8,3.06
9,7.3,8.02,15.59,14.27,12.92,15.32,14.62,10.68,999.0,12.6,11.12,4.45,5.26,15.15,16.11,9.7,10.39,8.09,15.99,16.32,16.74,12.02,8.45,15.42,15.48,16.45,7.79,7.52,7.17,7.14,15.3,2.42,12.34,14.92,14.24,8.05,15.61,10.96,14.55,6.98,9.07,5.23,13.4,5.92,7.51,0.94,15.87,5.23,8.95,10.66,4.32,11.99,14.47,8.66,0.7,8.08,15.89,9.16,9.07,5.99,7.39,8.04,17.02,9.24,14.55,2.95,14.2,15.1,13.97,13.22,0.8,12.66,13.62,15.39,13.22,10.89,11.24,6.45,14.96,8.53,7.06,6.53,16.29,11.89,15.76,16.17,5.74,7.58,10.68,7.44,15.94,15.7,14.83,9.07,22.07,7.33,9.33,6.94,3.08,13.55
10,16.04,8.6,7.17,15.39,4.33,7.26,11.25,9.17,12.6,999.0,14.62,9.02,16.29,2.57,9.9,4.51,9.09,18.03,14.34,8.31,4.14,4.06,6.93,7.62,6.32,16.89,17.54,16.4,15.76,5.73,5.57,10.19,7.0,16.67,15.19,13.21,12.51,14.69,5.09,13.83,3.6,9.2,4.23,10.72,15.63,12.37,8.41,9.2,3.65,20.38,13.19,5.18,10.5,4.84,13.06,14.75,14.46,15.05,3.6,13.12,8.99,19.0,14.65,11.41,15.78,14.0,6.25,13.54,3.52,2.23,13.12,12.5,12.93,2.79,5.16,19.47,1.7,15.97,4.15,6.39,7.8,11.7,16.13,8.07,13.58,13.02,12.9,5.18,9.17,12.53,3.62,13.75,2.27,3.6,32.3,8.05,15.69,11.99,9.98,11.19
11,18.43,6.24,11.78,3.43,11.45,11.38,7.03,5.71,11.12,14.62,999.0,8.65,16.12,16.69,10.01,10.14,5.7,19.04,6.27,11.69,17.73,11.07,7.82,11.17,12.41,5.51,18.8,18.64,18.29,10.41,12.85,10.99,8.71,3.82,3.49,3.07,7.17,0.25,12.39,4.37,12.01,7.55,18.02,15.81,18.61,10.18,11.02,7.55,12.33,21.52,6.97,10.1,7.52,10.16,10.73,3.67,6.05,2.65,12.01,5.2,6.14,18.59,7.42,3.27,3.61,8.93,11.0,5.7,17.83,16.57,10.66,3.74,4.38,16.65,11.01,21.97,14.49,6.8,18.65,8.38,15.05,4.78,5.62,7.42,6.51,7.48,5.42,10.89,5.71,3.72,18.02,6.31,16.49,12.01,19.08,15.5,3.11,4.31,9.35,5.89
12,10.87,3.81,11.16,11.22,8.58,10.88,10.49,6.51,4.45,9.02,8.65,999.0,9.5,11.58,11.72,5.43,6.22,12.13,12.3,11.87,13.09,7.7,4.01,10.97,11.08,13.35,11.75,11.16,10.67,3.29,10.94,2.81,7.91,12.14,11.14,5.92,11.59,8.57,10.19,5.73,5.44,1.15,10.94,7.27,10.85,3.82,11.42,1.15,5.5,14.73,4.28,7.58,10.25,4.49,4.62,6.89,12.24,7.64,5.44,4.76,3.3,12.35,13.22,5.89,11.57,5.01,9.77,11.37,11.19,10.18,4.64,9.07,9.98,11.75,8.83,14.64,8.0,7.16,12.16,4.09,6.46,4.02,13.0,7.53,11.93,12.17,4.47,3.85,6.51,5.14,12.58,11.92,11.28,5.44,23.67,6.9,8.11,4.48,1.37,9.52
13,3.14,13.23,20.44,19.38,17.53,20.2,19.86,15.91,5.26,16.29,16.12,9.5,999.0,18.68,21.22,14.31,15.62,2.92,21.24,21.25,20.3,16.61,13.47,20.34,20.2,21.55,2.75,3.14,3.21,11.56,19.91,6.85,17.36,19.94,19.37,13.07,20.87,15.93,19.16,11.8,13.09,10.42,15.84,6.31,3.74,6.16,20.85,10.42,12.85,5.43,9.15,16.78,19.7,13.21,5.47,12.76,21.13,13.9,13.09,10.92,12.62,2.87,22.27,14.47,19.64,7.24,19.03,20.36,16.71,16.3,5.52,17.91,18.86,18.99,17.95,5.96,14.7,10.35,17.63,13.45,9.0,11.71,21.46,17.03,21.02,21.43,10.71,11.86,15.91,12.54,19.18,20.96,18.35,13.09,23.38,9.0,13.91,12.1,8.15,18.81
14,18.22,10.89,7.53,17.1,5.55,7.74,12.48,11.07,15.15,2.57,16.69,11.58,18.68,999.0,10.56,6.81,11.03,20.27,15.63,8.61,1.63,5.68,9.24,8.13,6.55,18.41,19.77,18.58,17.94,8.29,5.72,12.73,8.48,18.4,16.89,15.53,13.66,16.78,5.55,16.25,6.17,11.72,4.56,12.89,17.76,14.94,8.9,11.72,6.22,22.54,15.73,6.75,11.69,7.31,15.62,17.12,15.79,17.34,6.17,15.59,11.34,21.33,15.77,13.56,17.49,16.57,7.05,14.92,3.4,2.78,15.68,14.22,14.53,0.42,6.26,21.51,3.99,18.48,3.38,8.72,9.94,14.11,17.58,9.69,14.83,14.12,15.37,7.75,11.07,14.89,1.38,15.04,0.33,6.17,34.73,10.12,18.0,14.38,12.55,12.65
15,22.33,8.13,3.1,8.47,5.61,2.83,3.11,5.7,16.11,9.9,10.01,11.72,21.22,10.56,999.0,7.73,5.95,23.78,5.8,2.24,10.77,6.18,7.77,2.44,4.09,8.91,23.38,22.64,22.09,10.31,4.9,14.42,3.99,9.67,8.23,10.95,3.72,10.22,5.02,12.41,10.02,10.88,14.13,17.73,22.18,15.35,1.73,10.88,10.46,26.38,13.75,5.3,2.49,8.75,16.14,12.58,6.03,12.08,10.02,12.47,8.8,24.07,5.55,8.38,8.77,15.58,3.65,5.44,13.31,12.09,16.14,6.31,5.95,10.29,4.79,26.09,10.98,15.36,13.71,7.88,15.44,10.86,7.98,4.21,4.98,3.96,12.45,10.3,5.7,10.81,11.88,5.25,10.55,10.02,29.01,15.85,12.73,10.76,13.08,4.12
16,14.93,4.1,6.2,11.22,3.23,6.01,7.91,4.94,9.7,4.51,10.14,5.43,14.31,6.81,7.73,999.0,4.8,16.6,10.72,7.13,8.12,2.32,2.44,6.22,5.89,12.92,16.15,15.26,14.68,2.78,5.62,7.53,3.84,12.46,11.04,8.73,9.21,10.2,4.86,9.45,2.43,5.21,8.01,10.07,14.71,9.2,6.85,5.21,2.87,19.14,9.19,2.57,7.31,1.11,9.98,10.31,10.79,10.56,2.43,8.84,4.53,17.17,11.27,6.91,11.61,10.36,4.8,9.84,7.71,6.43,10.01,8.36,8.95,6.86,3.65,18.65,4.43,11.81,8.51,1.91,7.7,7.32,12.25,4.39,10.06,9.78,8.64,2.63,4.94,8.08,8.04,10.18,6.56,2.43,27.93,8.12,11.21,7.57,6.68,7.49
17,17.09,2.41,6.61,6.43,5.76,6.22,4.27,0.29,10.39,9.09,5.7,6.22,15.62,11.03,5.95,4.8,999.0,18.32,6.37,6.86,12.03,5.38,3.0,6.13,7.04,8.2,17.96,17.38,16.88,6.1,7.35,9.03,3.18,7.66,6.25,5.37,5.39,5.81,6.81,6.68,7.03,5.21,12.81,13.09,17.05,9.57,6.25,5.21,7.43,20.92,7.8,4.4,4.09,5.17,10.34,7.09,6.37,6.89,7.03,6.58,3.0,18.43,7.16,2.86,6.82,9.63,5.57,5.43,12.45,11.16,10.33,3.6,4.29,10.97,5.37,20.86,9.22,9.57,13.21,3.46,11.41,4.94,7.59,2.02,5.87,5.98,6.54,6.39,0.29,5.05,12.38,5.91,10.85,7.03,24.44,11.87,7.58,4.89,7.51,3.34
18,2.21,15.91,22.78,22.29,19.76,22.58,22.59,18.61,8.09,18.03,19.04,12.13,2.92,20.27,23.78,16.6,18.32,999.0,24.08,23.65,21.88,18.85,16.01,22.74,22.47,24.46,0.52,1.89,2.49,13.81,22.11,9.37,19.86,22.86,22.27,15.99,23.63,18.85,21.36,14.73,15.1,13.11,16.95,7.41,2.87,9.01,23.29,13.11,14.8,2.61,12.07,19.13,22.37,15.49,8.36,15.68,23.98,16.82,15.1,13.84,15.33,1.83,25.09,17.32,22.55,10.17,21.38,23.18,17.93,17.72,8.41,20.75,21.7,20.62,20.25,3.1,16.37,13.22,18.8,15.93,10.34,14.59,24.35,19.63,23.83,24.2,13.62,14.04,18.61,15.44,20.61,23.78,19.95,15.1,25.35,10.21,16.83,14.99,10.81,21.56
19,23.07,8.59,8.68,3.33,10.13,8.33,3.15,6.11,15.99,14.34,6.27,12.3,21.24,15.63,5.8,10.72,6.37,24.08,999.0,8.01,16.14,10.28,9.35,7.97,9.61,3.12,23.76,23.34,22.89,12.44,10.34,15.07,7.33,4.24,3.13,8.64,2.1,6.52,10.23,10.19,13.12,11.18,18.44,19.4,23.11,15.08,7.42,11.18,13.55,26.66,12.41,9.16,3.95,11.36,15.78,9.8,0.27,8.89,13.12,10.72,9.01,23.92,1.15,6.77,3.48,14.44,8.66,0.93,17.85,16.56,15.74,3.33,2.37,15.43,9.38,26.8,14.93,12.93,18.44,9.77,17.78,9.57,2.18,6.38,0.83,1.89,10.84,12.7,6.11,8.93,17.0,0.6,15.54,13.12,24.13,18.23,9.38,9.24,13.44,3.24
20,22.04,8.65,1.14,10.52,4.32,1.14,5.14,6.66,16.32,8.31,11.69,11.87,21.25,8.61,2.24,7.13,6.86,23.65,8.01,999.0,8.66,5.11,7.87,0.91,2.07,11.11,23.22,22.37,21.8,9.88,2.89,14.4,4.02,11.76,10.28,12.18,5.92,11.88,3.23,13.53,9.14,11.19,12.48,17.17,21.83,15.65,0.67,11.19,9.56,26.22,14.51,4.56,4.4,8.22,16.45,13.87,8.24,13.51,9.14,13.42,9.35,24.11,7.78,9.6,10.84,16.19,2.36,7.59,11.57,10.42,16.46,8.12,7.91,8.3,3.6,25.77,9.6,16.43,11.87,7.81,14.66,11.76,10.18,4.86,7.19,6.19,13.36,9.75,6.66,11.91,9.88,7.45,8.63,9.14,30.76,15.04,14.19,11.74,13.24,5.96
21,19.82,12.14,7.67,17.87,6.34,7.96,13.0,12.04,16.74,4.14,17.73,13.09,20.3,1.63,10.77,8.12,12.03,21.88,16.14,8.66,999.0,6.66,10.51,8.34,6.68,19.03,21.38,20.17,19.53,9.82,5.88,14.33,9.25,19.18,17.65,16.77,14.11,17.84,5.91,17.57,7.72,13.17,5.78,14.49,19.35,16.51,9.05,13.17,7.8,24.13,17.18,7.65,12.19,8.73,17.2,18.4,16.32,18.55,7.72,16.95,12.63,22.95,16.17,14.68,18.25,18.09,7.48,15.49,4.59,4.26,17.26,15.03,15.25,1.35,6.93,23.07,5.61,19.89,4.26,10.02,11.54,15.44,18.17,10.52,15.32,14.52,16.75,9.29,12.04,16.15,1.71,15.55,1.95,7.72,36.03,11.71,19.22,15.67,14.1,13.3
22,17.13,5.67,4.07,11.46,0.91,3.96,7.2,5.4,12.02,4.06,11.07,7.7,16.61,5.68,6.18,2.32,5.38,18.85,10.28,5.11,6.66,999.0,4.18,4.24,3.63,12.87,18.39,17.47,16.87,5.06,3.3,9.84,2.95,12.75,11.25,10.22,8.47,11.17,2.55,11.17,4.04,7.37,8.2,12.13,16.87,11.5,4.96,7.37,4.45,21.37,11.25,1.12,6.47,3.4,12.28,11.89,10.4,11.95,4.04,10.69,6.25,19.46,10.61,8.03,11.85,12.56,2.75,9.49,7.57,6.28,12.31,8.56,8.93,5.6,1.51,20.81,4.84,13.72,8.18,3.81,9.56,9.07,12.09,4.06,9.52,9.0,10.52,4.81,5.4,9.66,7.04,9.7,5.51,4.04,29.51,9.93,12.64,9.25,8.98,7.14
23,14.59,1.67,7.19,9.27,4.95,6.9,6.98,3.24,8.45,6.93,7.82,4.01,13.47,9.24,7.77,2.44,3.0,16.01,9.35,7.87,10.51,4.18,999.0,6.98,7.21,11.15,15.61,14.9,14.36,3.09,7.18,6.65,3.9,10.44,9.11,6.3,8.2,7.86,6.47,7.07,4.22,3.37,10.2,10.26,14.48,7.78,7.41,3.37,4.58,18.61,7.09,3.75,6.58,2.35,8.59,7.89,9.37,8.12,4.22,6.52,2.13,16.33,10.09,4.56,9.66,8.52,5.83,8.43,10.02,8.77,8.59,6.55,7.29,9.28,5.01,18.36,6.67,9.55,10.86,0.56,8.43,4.94,10.58,3.66,8.81,8.8,6.35,3.4,3.24,5.65,10.48,8.87,8.99,4.22,25.52,8.89,8.77,5.17,5.38,6.23
24,21.13,7.82,0.71,10.25,3.5,0.39,4.95,5.95,15.42,7.62,11.17,10.97,20.34,8.13,2.44,6.22,6.13,22.74,7.97,0.91,8.34,4.24,6.98,999.0,1.67,11.01,22.31,21.46,20.88,8.97,2.46,13.49,3.17,11.52,10.01,11.48,5.88,11.35,2.61,12.8,8.26,10.31,11.82,16.27,20.92,14.76,0.79,10.31,8.68,25.31,13.69,3.65,4.16,7.31,15.56,13.19,8.18,12.88,8.26,12.65,8.51,23.21,7.87,8.92,10.59,15.34,1.49,7.46,10.96,9.77,15.57,7.71,7.6,7.85,2.74,24.86,8.83,15.67,11.32,6.91,13.78,10.98,10.1,4.11,7.14,6.24,12.57,8.85,5.95,11.18,9.45,7.39,8.13,8.26,30.24,14.16,13.56,10.98,12.34,5.61
25,20.75,8.34,0.99,11.76,2.73,1.29,6.54,6.91,15.48,6.32,12.41,11.08,20.2,6.55,4.09,5.89,7.04,22.47,9.61,2.07,6.68,3.63,7.21,1.67,999.0,12.62,22.02,21.09,20.49,8.67,0.83,13.39,3.87,13.05,11.53,12.4,7.53,12.57,1.26,13.61,7.58,10.57,10.44,15.72,20.49,14.9,2.37,10.57,7.97,25.0,14.21,3.5,5.74,6.99,15.7,14.11,9.81,13.91,7.58,13.34,9.01,23.06,9.54,9.9,12.11,15.72,1.48,9.06,9.52,8.38,15.72,9.11,9.1,6.25,2.26,24.43,7.7,16.4,9.81,7.01,13.07,11.67,11.72,5.06,8.78,7.9,13.23,8.44,6.91,12.0,7.83,9.03,6.57,7.58,31.42,13.43,14.61,11.73,12.41,7.1
26,23.72,10.01,11.72,2.18,12.86,11.35,6.08,8.01,16.45,16.89,5.51,13.35,21.55,18.41,8.91,12.92,8.2,24.46,3.12,11.11,19.03,12.87,11.15,11.01,12.62,999.0,24.2,23.95,23.57,14.19,13.32,15.97,9.95,1.92,2.22,8.49,5.2,5.73,13.14,9.87,15.22,12.2,20.86,20.61,23.85,15.5,10.5,12.2,15.63,26.97,12.43,11.75,6.89,13.37,16.11,9.15,2.88,8.07,15.22,10.66,10.24,24.07,3.76,7.46,1.91,14.42,11.57,3.56,20.38,19.08,16.05,4.6,3.98,18.24,12.15,27.34,17.29,12.23,21.04,11.64,19.36,9.93,0.94,8.82,3.93,5.01,10.85,14.54,8.01,9.02,19.78,3.66,18.29,15.22,21.48,19.82,8.36,9.5,14.3,5.76
27,1.7,15.55,22.34,22.03,19.3,22.14,22.23,18.25,7.79,17.54,18.8,11.75,2.75,19.77,23.38,16.15,17.96,0.52,23.76,23.22,21.38,18.39,15.61,22.31,22.02,24.2,999.0,1.39,1.98,13.37,21.65,8.97,19.45,22.62,22.01,15.74,23.29,18.62,20.9,14.51,14.63,12.75,16.43,6.9,2.38,8.72,22.87,12.75,14.33,3.0,11.85,18.69,22.0,15.04,8.09,15.49,23.67,16.62,14.63,13.6,14.98,2.23,24.77,17.02,22.3,9.97,20.94,22.87,17.42,17.21,8.15,20.44,21.39,20.12,19.8,3.21,15.87,13.1,18.28,15.52,9.83,14.31,24.07,19.24,23.5,23.86,13.39,13.59,18.25,15.18,20.1,23.46,19.45,14.63,25.54,9.7,16.65,14.71,10.45,21.21
28,0.36,14.97,21.46,21.78,18.36,21.28,21.65,17.67,7.52,16.4,18.64,11.16,3.14,18.58,22.64,15.26,17.38,1.89,23.34,22.37,20.17,17.47,14.9,21.46,21.09,23.95,1.39,999.0,0.64,12.49,20.69,8.35,18.68,22.44,21.74,15.57,22.75,18.47,19.95,14.43,13.62,12.21,15.13,5.69,0.98,8.46,22.05,12.21,13.29,3.98,11.75,17.82,21.38,14.16,7.93,15.47,23.26,16.58,13.62,13.47,14.44,3.58,24.32,16.65,22.06,9.99,20.07,22.43,16.14,15.98,8.0,20.04,20.98,18.93,18.9,3.48,14.72,13.28,16.99,14.77,8.63,14.02,23.77,18.55,23.04,23.33,13.23,12.66,17.67,14.96,18.86,23.01,18.26,13.62,26.44,8.47,16.67,14.45,9.92,20.67
29,0.29,14.48,20.87,21.39,17.77,20.69,21.15,17.17,7.17,15.76,18.29,10.67,3.21,17.94,22.09,14.68,16.88,2.49,22.89,21.8,19.53,16.87,14.36,20.88,20.49,23.57,1.98,0.64,999.0,11.91,20.08,7.86,18.13,22.09,21.35,15.22,22.26,18.13,19.35,14.12,13.0,11.74,14.5,5.05,0.54,8.11,21.48,11.74,12.68,4.61,11.45,17.24,20.87,13.58,7.62,15.18,22.82,16.29,13.0,13.15,13.96,4.09,23.86,16.23,21.69,9.75,19.48,21.98,15.5,15.34,7.7,19.6,20.54,18.29,18.31,4.0,14.08,13.1,16.36,14.22,8.0,13.64,23.37,18.02,22.57,22.84,12.9,12.07,17.17,14.6,18.22,22.55,17.62,13.0,26.59,7.83,16.4,14.07,9.45,20.19
30,12.16,4.26,8.98,12.25,5.97,8.78,9.97,6.33,7.14,5.73,10.41,3.29,11.56,8.29,10.31,2.78,6.1,13.81,12.44,9.88,9.82,5.06,3.09,8.97,8.67,14.19,13.37,12.49,11.91,999.0,8.35,4.84,6.33,13.37,12.11,8.26,11.23,10.4,7.6,8.52,2.15,3.63,7.93,7.42,11.95,6.77,9.58,3.63,2.25,16.36,7.52,5.33,9.5,1.68,7.51,9.58,12.46,10.11,2.15,7.68,4.27,14.41,13.17,7.21,12.63,8.27,7.58,11.52,8.04,6.95,7.55,9.61,10.37,8.47,6.44,15.89,4.75,10.36,8.99,2.69,5.36,6.49,13.65,6.51,11.89,11.82,7.43,0.58,6.33,7.5,9.29,11.96,7.99,2.15,26.82,5.81,10.68,6.87,4.3,9.3
31,20.34,8.44,1.81,12.38,2.39,2.08,7.24,7.25,15.3,5.57,12.85,10.94,19.91,5.72,4.9,5.62,7.35,22.11,10.34,2.89,5.88,3.3,7.18,2.46,0.83,13.32,21.65,20.69,20.08,8.35,999.0,13.14,4.18,13.67,12.15,12.66,8.28,13.01,0.75,13.81,7.1,10.51,9.66,15.24,20.06,14.76,3.19,10.51,7.47,24.61,14.25,3.43,6.43,6.7,15.55,14.37,10.54,14.24,7.1,13.48,9.09,22.76,10.31,10.21,12.74,15.69,1.87,9.76,8.71,7.59,15.57,9.67,9.72,5.42,2.18,23.99,7.01,16.54,8.98,6.92,12.54,11.82,12.43,5.44,9.52,8.66,13.35,8.07,7.25,12.22,7.01,9.75,5.74,7.1,31.79,12.88,14.93,11.91,12.25,7.72
32,8.06,6.62,13.59,13.82,10.75,13.35,13.3,9.32,2.42,10.19,10.99,2.81,6.85,12.73,14.42,7.53,9.03,9.37,15.07,14.4,14.33,9.84,6.65,13.49,13.39,15.97,8.97,8.35,7.86,4.84,13.14,999.0,10.52,14.65,13.75,8.03,14.4,10.87,12.39,7.37,6.68,3.89,11.05,4.87,8.05,2.42,14.0,3.89,6.55,11.97,5.06,9.94,13.04,6.45,2.96,8.56,15.01,9.51,6.68,6.31,6.1,9.72,16.02,8.52,14.14,4.6,12.19,14.15,11.58,10.81,3.03,11.81,12.74,12.98,11.14,11.83,8.82,7.77,12.57,6.61,5.08,6.22,15.69,10.26,14.73,14.98,6.02,5.24,9.32,7.29,13.52,14.71,12.41,6.68,23.99,5.43,9.84,6.68,1.67,12.33
33,18.36,4.65,3.53,8.64,2.93,3.18,4.28,3.07,12.34,7.0,8.71,7.91,17.36,8.48,3.99,3.84,3.18,19.86,7.33,4.02,9.25,2.95,3.9,3.17,3.87,9.95,19.45,18.68,18.13,6.33,4.18,10.52,999.0,9.94,8.42,8.53,5.57,8.85,3.67,9.76,6.23,7.18,11.12,13.75,18.21,11.65,3.53,7.18,6.67,22.45,10.53,1.83,3.59,4.79,12.45,10.25,7.45,10.07,6.23,9.54,5.34,20.22,7.7,6.04,9.02,12.18,2.39,6.54,10.52,9.22,12.45,5.78,6.05,8.34,2.34,22.12,7.66,12.58,11.12,3.93,11.52,7.87,9.15,1.3,6.59,6.12,9.45,6.34,3.07,8.15,9.86,6.75,8.35,6.23,27.61,11.94,10.76,7.9,9.27,4.2
34,22.23,9.11,12.22,1.3,12.87,11.82,6.62,7.53,14.92,16.67,3.82,12.14,19.94,18.4,9.67,12.46,7.66,22.86,4.24,11.76,19.18,12.75,10.44,11.52,13.05,1.92,22.62,22.44,22.09,13.37,13.67,14.65,9.94,999.0,1.53,6.88,6.06,4.01,13.39,8.17,14.63,11.01,20.47,19.4,22.39,13.98,11.12,11.01,15.01,25.35,10.79,11.65,7.38,12.76,14.54,7.37,3.97,6.25,14.63,9.02,9.23,22.4,5.17,6.31,0.94,12.75,11.84,4.27,20.09,18.79,14.48,4.19,3.96,18.27,12.25,25.79,16.88,10.39,20.82,10.97,18.37,8.48,2.47,8.71,4.91,6.05,9.24,13.78,7.53,7.49,19.77,4.63,18.25,14.63,19.91,18.83,6.5,8.04,12.99,5.95
35,21.51,7.88,10.71,0.24,11.35,10.31,5.15,6.1,14.24,15.19,3.49,11.14,19.37,16.89,8.23,11.04,6.25,22.27,3.13,10.28,17.65,11.25,9.11,10.01,11.53,2.22,22.01,21.74,21.35,12.11,12.15,13.75,8.42,1.53,999.0,6.34,4.71,3.73,11.86,7.78,13.26,9.99,19.04,18.4,21.63,13.3,9.63,9.99,13.65,24.8,10.27,10.15,5.89,11.39,13.92,7.16,2.88,6.13,13.26,8.51,8.07,21.92,4.21,5.25,0.6,12.28,10.31,2.93,18.63,17.33,13.86,2.7,2.43,16.76,10.72,25.13,15.45,10.29,19.34,9.63,17.21,7.71,2.14,7.2,3.66,4.79,8.69,12.48,6.1,6.83,18.26,3.4,16.74,13.26,21.07,17.67,6.53,7.3,12.08,4.43
36,15.36,4.64,11.98,6.33,10.81,11.59,8.39,5.54,8.05,13.21,3.07,5.92,13.07,15.53,10.95,8.73,5.37,15.99,8.64,12.18,16.77,10.22,6.3,11.48,12.4,8.49,15.74,15.57,15.22,8.26,12.66,8.03,8.53,6.88,6.34,999.0,8.96,2.91,12.06,1.57,10.14,4.93,16.15,12.89,15.54,7.11,11.55,4.93,10.39,18.49,3.94,9.45,8.63,8.44,7.66,1.72,8.47,1.86,10.14,2.17,4.23,15.59,9.76,2.59,6.57,5.94,10.92,7.88,16.13,14.93,7.6,5.47,6.37,15.56,10.58,18.91,12.76,4.47,17.03,6.83,12.39,1.91,8.46,7.39,8.65,9.4,2.36,8.8,5.54,0.79,16.78,8.51,15.29,10.14,19.29,12.82,2.48,1.45,6.43,7.17
37,22.46,7.78,6.59,4.94,8.23,6.24,1.3,5.11,15.61,12.51,7.17,11.59,20.87,13.66,3.72,9.21,5.39,23.63,2.1,5.92,14.11,8.47,8.2,5.88,7.53,5.2,23.29,22.75,22.26,11.23,8.28,14.4,5.57,6.06,4.71,8.96,999.0,7.41,8.2,10.52,11.63,10.54,16.67,18.44,22.44,14.75,5.33,10.54,12.07,26.23,12.44,7.37,2.0,9.97,15.49,10.36,2.32,9.61,11.63,10.86,8.32,23.64,2.14,6.67,5.19,14.42,6.64,1.79,16.02,14.74,15.46,3.54,2.79,13.44,7.44,26.23,13.23,13.41,16.56,8.54,16.59,9.49,4.26,4.82,1.27,0.6,10.93,11.41,5.11,9.07,15.03,1.53,13.59,11.63,25.75,17.03,10.2,9.24,12.85,2.08
38,18.26,6.26,11.96,3.66,11.57,11.55,7.25,5.84,10.96,14.69,0.25,8.57,15.93,16.78,10.22,10.2,5.81,18.85,6.52,11.88,17.84,11.17,7.86,11.35,12.57,5.73,18.62,18.47,18.13,10.4,13.01,10.87,8.85,4.01,3.73,2.91,7.41,999.0,12.53,4.16,12.03,7.48,18.05,15.7,18.45,10.02,11.21,7.48,12.35,21.33,6.78,10.22,7.74,10.19,10.55,3.44,6.3,2.41,12.03,5.02,6.13,18.39,7.67,3.3,3.83,8.73,11.16,5.95,17.87,16.62,10.49,3.97,4.62,16.74,11.14,21.8,14.53,6.56,18.71,8.42,14.99,4.66,5.85,7.57,6.76,7.72,5.24,10.89,5.84,3.59,18.1,6.56,16.58,12.03,18.89,15.44,2.86,4.19,9.24,6.11
39,19.61,7.76,2.09,12.09,1.64,2.23,7.09,6.72,14.55,5.09,12.39,10.19,19.16,5.55,5.02,4.86,6.81,21.36,10.23,3.23,5.91,2.55,6.47,2.61,1.26,13.14,20.9,19.95,19.35,7.6,0.75,12.39,3.67,13.39,11.86,12.06,8.2,12.53,999.0,13.18,6.38,9.78,9.25,14.53,19.33,14.01,3.39,9.78,6.76,23.87,13.55,2.73,6.28,5.95,14.8,13.77,10.4,13.67,6.38,12.82,8.41,22.0,10.28,9.65,12.45,14.97,1.57,9.59,8.36,7.19,14.82,9.32,9.44,5.29,1.5,23.26,6.44,15.88,8.71,6.19,11.85,11.16,12.27,4.96,9.41,8.62,12.68,7.33,6.72,11.6,6.88,9.63,5.53,6.38,31.25,12.2,14.37,11.26,11.5,7.46
40,14.24,5.49,13.27,7.75,11.83,12.89,9.93,6.87,6.98,13.83,4.37,5.73,11.8,16.25,12.41,9.45,6.68,14.73,10.19,13.53,17.57,11.17,7.07,12.8,13.61,9.87,14.51,14.43,14.12,8.52,13.81,7.37,9.76,8.17,7.78,1.57,10.52,4.16,13.18,999.0,10.55,4.95,16.45,12.23,14.48,6.05,12.92,4.95,10.75,17.19,2.68,10.5,10.14,8.99,6.5,1.19,10.02,2.19,10.55,1.06,4.94,14.23,11.32,4.03,7.96,4.58,12.13,9.44,16.54,15.4,6.43,7.03,7.93,16.32,11.68,17.7,13.2,2.95,17.47,7.55,12.07,2.13,9.91,8.7,10.22,10.96,1.35,9.09,6.87,1.63,17.44,10.07,15.99,10.55,18.48,12.49,2.47,1.92,5.89,8.71
41,13.27,5.77,8.1,13.43,4.88,8.0,10.34,7.21,9.07,3.6,12.01,5.44,13.09,6.17,10.02,2.43,7.03,15.1,13.12,9.14,7.72,4.04,4.22,8.26,7.58,15.22,14.63,13.62,13.0,2.15,7.1,6.68,6.23,14.63,13.26,10.14,11.63,12.03,6.38,10.55,999.0,5.73,6.04,8.15,12.96,8.79,8.96,5.73,0.45,17.57,9.67,4.73,9.74,1.88,9.5,11.56,13.18,12.0,0.0,9.76,5.97,15.89,13.7,8.74,13.82,10.4,6.78,12.23,6.0,4.85,9.55,10.63,11.28,6.37,5.54,16.89,2.65,12.49,6.92,3.68,5.52,8.47,14.59,6.81,12.48,12.21,9.51,1.59,7.21,9.41,7.14,12.59,5.86,0.0,28.93,5.9,12.61,8.81,6.38,9.89
42,11.94,2.81,10.56,10.08,8.21,10.25,9.47,5.5,5.23,9.2,7.55,1.15,10.42,11.72,10.88,5.21,5.21,13.11,11.18,11.19,13.17,7.37,3.37,10.31,10.57,12.2,12.75,12.21,11.74,3.63,10.51,3.89,7.18,11.01,9.99,4.93,10.54,7.48,9.78,4.95,5.73,999.0,11.52,8.41,11.94,4.48,10.71,0.0,5.88,15.72,4.01,7.09,9.28,4.44,5.28,6.05,11.12,6.71,5.73,4.06,2.23,13.24,12.12,4.74,10.42,5.19,9.2,10.26,11.66,10.57,5.28,7.93,8.85,11.85,8.35,15.69,8.37,6.77,12.61,3.59,7.51,3.04,11.86,6.66,10.84,11.12,3.8,4.2,5.5,4.14,12.81,10.82,11.44,5.73,23.2,7.95,7.23,3.48,2.3,8.47
43,14.78,11.79,11.34,19.22,8.56,11.45,15.4,12.94,13.4,4.23,18.02,10.94,15.84,4.56,14.13,8.01,12.81,16.95,18.44,12.48,5.78,8.2,10.2,11.82,10.44,20.86,16.43,15.13,14.5,7.93,9.66,11.05,11.12,20.47,19.04,16.15,16.67,18.05,9.25,16.45,6.04,11.52,999.0,9.62,14.24,13.46,12.61,11.52,5.76,18.99,15.2,9.3,14.67,7.86,14.0,17.51,18.54,18.01,6.04,15.58,12.01,18.25,18.81,14.76,19.62,15.49,10.48,17.61,1.19,2.06,14.07,16.35,16.88,4.98,9.38,17.75,3.59,18.1,1.86,9.65,6.85,14.42,20.14,12.09,17.7,17.2,15.31,7.37,12.94,15.4,4.14,17.86,4.34,6.04,34.61,6.85,18.59,14.79,11.48,15.24
44,5.34,10.8,16.19,18.49,13.0,16.05,17.23,13.37,5.92,10.72,15.81,7.27,6.31,12.89,17.73,10.07,13.09,7.41,19.4,17.17,14.49,12.13,10.26,16.27,15.72,20.61,6.9,5.69,5.05,7.42,15.24,4.87,13.75,19.4,18.4,12.89,18.44,15.7,14.53,12.23,8.15,8.41,9.62,999.0,4.91,6.59,16.92,8.41,7.78,9.66,9.81,12.64,16.83,9.01,6.61,13.41,19.37,14.38,8.15,11.17,10.43,8.63,20.25,13.15,18.83,8.84,14.82,18.46,10.56,10.31,6.71,16.26,17.14,13.24,13.61,8.79,9.03,12.29,11.45,9.99,2.94,11.05,20.24,13.86,18.95,19.04,10.88,7.45,13.37,12.14,13.2,18.98,12.57,8.15,27.85,2.81,14.69,11.51,6.47,16.42
45,0.72,14.65,20.89,21.68,17.76,20.72,21.31,17.34,7.51,15.63,18.61,10.85,3.74,17.76,22.18,14.71,17.05,2.87,23.11,21.83,19.35,16.87,14.48,20.92,20.49,23.85,2.38,0.98,0.54,11.95,20.06,8.05,18.21,22.39,21.63,15.54,22.44,18.45,19.33,14.48,12.96,11.94,14.24,4.91,999.0,8.44,21.53,11.94,12.62,4.78,11.8,17.27,21.01,13.61,7.98,15.55,23.04,16.65,12.96,13.49,14.15,4.55,24.06,16.48,21.98,10.14,19.51,22.19,15.26,15.13,8.07,19.83,20.76,18.13,18.32,3.94,13.94,13.52,16.1,14.32,7.84,13.93,23.63,18.14,22.78,23.02,13.24,12.09,17.34,14.9,18.01,22.76,17.45,12.96,27.12,7.65,16.78,14.37,9.67,20.37
46,8.25,7.23,14.97,13.33,12.39,14.68,13.77,9.86,0.94,12.37,10.18,3.82,6.16,14.94,15.35,9.2,9.57,9.01,15.08,15.65,16.51,11.5,7.78,14.76,14.9,15.5,8.72,8.46,8.11,6.77,14.76,2.42,11.65,13.98,13.3,7.11,14.75,10.02,14.01,6.05,8.79,4.48,13.46,6.59,8.44,999.0,15.18,4.48,8.72,11.58,3.41,11.41,13.65,8.21,0.8,7.17,14.98,8.24,8.79,5.05,6.58,8.9,16.12,8.32,13.61,2.29,13.59,14.2,13.97,13.15,0.81,11.75,12.71,15.16,12.65,11.83,11.1,5.71,14.96,7.9,7.41,5.59,15.36,11.14,14.86,15.3,4.8,7.25,9.86,6.5,15.8,14.8,14.62,8.79,21.64,7.72,8.42,6.0,2.52,12.69
47,21.72,8.12,1.38,9.87,4.26,1.17,4.5,6.04,15.87,8.41,11.02,11.42,20.85,8.9,1.73,6.85,6.25,23.29,7.42,0.67,9.05,4.96,7.41,0.79,2.37,10.5,22.87,22.05,21.48,9.58,3.19,14.0,3.53,11.12,9.63,11.55,5.33,11.21,3.39,12.92,8.96,10.71,12.61,16.92,21.53,15.18,999.0,10.71,9.39,25.87,13.95,4.29,3.75,7.93,15.98,13.23,7.64,12.86,8.96,12.83,8.81,23.71,7.25,8.96,10.19,15.66,2.23,6.97,11.75,10.56,15.98,7.45,7.26,8.61,3.47,25.46,9.61,15.82,12.1,7.39,14.47,11.17,9.58,4.27,6.59,5.63,12.77,9.48,6.04,11.29,10.2,6.85,8.9,8.96,30.1,14.86,13.54,11.14,12.79,5.3
48,11.94,2.81,10.56,10.08,8.21,10.25,9.47,5.5,5.23,9.2,7.55,1.15,10.42,11.72,10.88,5.21,5.21,13.11,11.18,11.19,13.17,7.37,3.37,10.31,10.57,12.2,12.75,12.21,11.74,3.63,10.51,3.89,7.18,11.01,9.99,4.93,10.54,7.48,9.78,4.95,5.73,0.0,11.52,8.41,11.94,4.48,10.71,999.0,5.88,15.72,4.01,7.09,9.28,4.44,5.28,6.05,11.12,6.71,5.73,4.06,2.23,13.24,12.12,4.74,10.42,5.19,9.2,10.26,11.66,10.57,5.28,7.93,8.85,11.85,8.35,15.69,8.37,6.77,12.61,3.59,7.51,3.04,11.86,6.66,10.84,11.12,3.8,4.2,5.5,4.14,12.81,10.82,11.44,5.73,23.2,7.95,7.23,3.48,2.3,8.47
49,12.94,6.09,8.51,13.82,5.28,8.42,10.78,7.62,8.95,3.65,12.33,5.5,12.85,6.22,10.46,2.87,7.43,14.8,13.55,9.56,7.8,4.45,4.58,8.68,7.97,15.63,14.33,13.29,12.68,2.25,7.47,6.55,6.67,15.01,13.65,10.39,12.07,12.35,6.76,10.75,0.45,5.88,5.76,7.78,12.62,8.72,9.39,5.88,999.0,17.25,9.76,5.17,10.18,2.26,9.41,11.78,13.61,12.25,0.45,9.92,6.26,15.62,14.13,9.07,14.21,10.41,7.2,12.66,5.79,4.7,9.46,11.04,11.69,6.44,5.96,16.55,2.51,12.61,6.74,4.04,5.11,8.68,15.0,7.25,12.91,12.65,9.67,1.67,7.62,9.65,7.12,13.02,5.9,0.45,29.08,5.48,12.84,9.04,6.36,10.32
50,4.33,18.52,25.33,24.81,22.28,25.13,25.19,21.21,10.66,20.38,21.52,14.73,5.43,22.54,26.38,19.14,20.92,2.61,26.66,26.22,24.13,21.37,18.61,25.31,25.0,26.97,3.0,3.98,4.61,16.36,24.61,11.97,22.45,25.35,24.8,18.49,26.23,21.33,23.87,17.19,17.57,15.72,18.99,9.66,4.78,11.58,25.87,15.72,17.25,999.0,14.56,21.68,24.98,18.03,10.9,18.1,26.55,19.24,17.57,16.33,17.94,3.14,27.68,19.9,25.06,12.61,23.93,25.77,20.03,19.91,10.95,23.33,24.28,22.9,22.79,1.96,18.69,15.51,20.85,18.52,12.6,17.14,26.89,22.23,26.42,26.8,16.13,16.56,21.21,17.97,22.79,26.37,22.22,17.57,26.48,12.42,19.21,17.53,13.42,24.16
51,11.56,5.89,14.04,10.27,12.04,13.7,11.65,8.06,4.32,13.19,6.97,4.28,9.15,15.73,13.75,9.19,7.8,12.07,12.41,14.51,17.18,11.25,7.09,13.69,14.21,12.43,11.85,11.75,11.45,7.52,14.25,5.06,10.53,10.79,10.27,3.94,12.44,6.78,13.55,2.68,9.67,4.01,15.2,9.81,11.8,3.41,13.95,4.01,9.76,14.56,999.0,10.83,11.71,8.45,3.82,3.76,12.27,4.85,9.67,1.77,5.2,11.65,13.51,5.76,10.51,2.03,12.77,11.59,15.47,14.45,3.75,9.13,10.07,15.86,12.08,15.03,12.27,2.9,16.44,7.44,10.05,2.96,12.39,9.69,12.33,12.94,1.59,8.09,8.06,3.5,16.79,12.22,15.44,9.67,19.41,10.43,5.01,3.21,3.88,10.47
52,17.49,5.05,3.66,10.36,1.36,3.45,6.1,4.39,11.99,5.18,10.1,7.58,16.78,6.75,5.3,2.57,4.4,19.13,9.16,4.56,7.65,1.12,3.75,3.65,3.5,11.75,18.69,17.82,17.24,5.33,3.43,9.94,1.83,11.65,10.15,9.45,7.37,10.22,2.73,10.5,4.73,7.09,9.3,12.64,17.27,11.41,4.29,7.09,5.17,21.68,10.83,999.0,5.37,3.67,12.2,11.15,9.28,11.13,4.73,10.11,5.69,19.65,9.51,7.15,10.74,12.27,2.25,8.36,8.69,7.4,12.22,7.47,7.82,6.64,1.26,21.22,5.88,13.17,9.3,3.52,10.2,8.46,10.97,2.95,8.41,7.91,9.97,5.2,4.39,8.95,8.12,8.58,6.6,4.73,28.72,10.6,11.82,8.58,8.92,6.02
53,21.08,6.47,4.86,6.12,6.23,4.48,0.81,3.8,14.47,10.5,7.52,10.25,19.7,11.69,2.49,7.31,4.09,22.37,3.95,4.4,12.19,6.47,6.58,4.16,5.74,6.89,22.0,21.38,20.87,9.5,6.43,13.04,3.59,7.38,5.89,8.63,2.0,7.74,6.28,10.14,9.74,9.28,14.67,16.83,21.01,13.65,3.75,9.28,10.18,24.98,11.71,5.37,999.0,8.14,14.43,10.21,4.12,9.65,9.74,10.29,7.08,22.51,4.14,6.11,6.45,13.62,4.71,3.33,14.02,12.73,14.41,3.82,3.52,11.49,5.45,24.86,11.25,13.09,14.56,6.84,14.83,8.76,6.0,3.0,3.14,2.53,10.31,9.63,3.8,8.57,13.06,3.35,11.61,9.74,26.52,15.27,10.3,8.6,11.57,1.63
54,13.83,3.94,7.3,11.56,4.31,7.12,8.68,5.37,8.66,4.84,10.16,4.49,13.21,7.31,8.75,1.11,5.17,15.49,11.36,8.22,8.73,3.4,2.35,7.31,6.99,13.37,15.04,14.16,13.58,1.68,6.7,6.45,4.79,12.76,11.39,8.44,9.97,10.19,5.95,8.99,1.88,4.44,7.86,9.01,13.61,8.21,7.93,4.44,2.26,18.03,8.45,3.67,8.14,999.0,8.98,9.93,11.4,10.29,1.88,8.28,4.22,16.07,11.99,6.9,11.95,9.49,5.91,10.45,7.72,6.5,9.01,8.77,9.45,7.42,4.76,17.55,4.35,11.17,8.6,1.8,6.73,6.87,12.75,5.15,10.74,10.55,8.06,1.56,5.37,7.73,8.46,10.84,7.04,1.88,27.46,7.16,10.92,7.17,5.69,8.14
55,7.73,8.02,15.77,13.94,13.17,15.48,14.53,10.63,0.7,13.06,10.73,4.62,5.47,15.62,16.14,9.98,10.34,8.36,15.78,16.45,17.2,12.28,8.59,15.56,15.7,16.11,8.09,7.93,7.62,7.51,15.55,2.96,12.45,14.54,13.92,7.66,15.49,10.55,14.8,6.5,9.5,5.28,14.0,6.61,7.98,0.8,15.98,5.28,9.41,10.9,3.82,12.2,14.43,8.98,999.0,7.57,15.67,8.67,9.5,5.55,7.37,8.16,16.83,9.01,14.21,2.29,14.39,14.91,14.54,13.76,0.1,12.45,13.41,15.85,13.45,11.24,11.75,5.8,15.53,8.7,7.74,6.24,15.99,11.93,15.58,16.04,5.31,7.98,10.63,7.09,16.45,15.51,15.31,9.5,21.37,8.01,8.8,6.63,3.3,13.44
56,15.29,6.26,13.7,7.1,12.5,13.3,9.91,7.25,8.08,14.75,3.67,6.89,12.76,17.12,12.58,10.31,7.09,15.68,9.8,13.87,18.4,11.89,7.89,13.19,14.11,9.15,15.49,15.47,15.18,9.58,14.37,8.56,10.25,7.37,7.16,1.72,10.36,3.44,13.77,1.19,11.56,6.05,17.51,13.41,15.55,7.17,13.23,6.05,11.78,18.1,3.76,11.15,10.21,9.93,7.57,999.0,9.61,1.14,11.56,2.25,5.78,15.1,10.95,4.27,7.27,5.52,12.63,9.12,17.56,16.4,7.49,6.82,7.66,17.17,12.29,18.69,14.2,3.14,18.48,8.4,13.26,3.1,9.29,9.1,9.92,10.76,2.54,10.14,7.25,2.24,18.34,9.76,16.87,11.56,17.64,13.68,1.28,2.76,7.08,8.7
57,23.0,8.56,8.89,3.07,10.28,8.53,3.32,6.13,15.89,14.46,6.05,12.24,21.13,15.79,6.03,10.79,6.37,23.98,0.27,8.24,16.32,10.4,9.37,8.18,9.81,2.88,23.67,23.26,22.82,12.46,10.54,15.01,7.45,3.97,2.88,8.47,2.32,6.3,10.4,10.02,13.18,11.12,18.54,19.37,23.04,14.98,7.64,11.12,13.61,26.55,12.27,9.28,4.12,11.4,15.67,9.61,999.0,8.68,13.18,10.57,8.96,23.81,1.37,6.66,3.21,14.3,8.83,0.95,17.97,16.67,15.62,3.23,2.28,15.59,9.53,26.71,15.02,12.75,18.57,9.79,17.79,9.45,1.95,6.47,1.05,2.15,10.7,12.73,6.13,8.78,17.16,0.79,15.69,13.18,23.86,18.24,9.17,9.11,13.37,3.31
58,16.4,6.46,13.43,6.06,12.5,13.03,9.27,7.01,9.16,15.05,2.65,7.64,13.9,17.34,12.08,10.56,6.89,16.82,8.89,13.51,18.55,11.95,8.12,12.88,13.91,8.07,16.62,16.58,16.29,10.11,14.24,9.51,10.07,6.25,6.13,1.86,9.61,2.41,13.67,2.19,12.0,6.71,18.01,14.38,16.65,8.24,12.86,6.71,12.25,19.24,4.85,11.13,9.65,10.29,8.67,1.14,8.68,999.0,12.0,3.23,6.07,16.24,10.04,4.03,6.2,6.65,12.45,8.27,17.99,16.79,8.59,6.08,6.86,17.36,12.21,19.82,14.62,4.17,18.88,8.66,14.08,3.67,8.25,8.86,9.08,9.97,3.51,10.65,7.01,2.61,18.6,8.89,17.11,12.0,17.59,14.51,0.69,3.25,7.98,8.08
59,13.27,5.77,8.1,13.43,4.88,8.0,10.34,7.21,9.07,3.6,12.01,5.44,13.09,6.17,10.02,2.43,7.03,15.1,13.12,9.14,7.72,4.04,4.22,8.26,7.58,15.22,14.63,13.62,13.0,2.15,7.1,6.68,6.23,14.63,13.26,10.14,11.63,12.03,6.38,10.55,0.0,5.73,6.04,8.15,12.96,8.79,8.96,5.73,0.45,17.57,9.67,4.73,9.74,1.88,9.5,11.56,13.18,12.0,999.0,9.76,5.97,15.89,13.7,8.74,13.82,10.4,6.78,12.23,6.0,4.85,9.55,10.63,11.28,6.37,5.54,16.89,2.65,12.49,6.92,3.68,5.52,8.47,14.59,6.81,12.48,12.21,9.51,1.59,7.21,9.41,7.14,12.59,5.86,0.0,28.93,5.9,12.61,8.81,6.38,9.89
60,13.27,5.06,13.07,8.5,11.4,12.7,10.16,6.81,5.99,13.12,5.2,4.76,10.92,15.59,12.47,8.84,6.58,13.84,10.72,13.42,16.95,10.69,6.52,12.65,13.34,10.66,13.6,13.47,13.15,7.68,13.48,6.31,9.54,9.02,8.51,2.17,10.86,5.02,12.82,1.06,9.76,4.06,15.58,11.17,13.49,5.05,12.83,4.06,9.92,16.33,1.77,10.11,10.29,8.28,5.55,2.25,10.57,3.23,9.76,999.0,4.43,13.42,11.83,4.22,8.74,3.77,11.87,9.93,15.72,14.61,5.47,7.47,8.41,15.68,11.32,16.78,12.4,3.06,16.66,6.96,11.04,1.67,10.63,8.57,10.68,11.34,0.3,8.26,6.81,1.81,16.74,10.56,15.32,9.76,19.19,11.46,3.53,1.71,4.85,8.96
61,14.16,0.69,8.84,8.19,6.97,8.5,7.25,3.29,7.39,8.99,6.14,3.3,12.62,11.34,8.8,4.53,3.0,15.33,9.01,9.35,12.63,6.25,2.13,8.51,9.01,10.24,14.98,14.44,13.96,4.27,9.09,6.1,5.34,9.23,8.07,4.23,8.32,6.13,8.41,4.94,5.97,2.23,12.01,10.43,14.15,6.58,8.81,2.23,6.26,17.94,5.2,5.69,7.08,4.22,7.37,5.78,8.96,6.07,5.97,4.43,999.0,15.43,9.92,2.96,8.55,6.85,7.57,8.08,11.93,10.72,7.35,5.82,6.71,11.39,6.92,17.91,8.56,7.49,12.81,2.62,9.15,2.83,9.83,4.62,8.63,8.89,4.28,4.76,3.29,3.55,12.57,8.63,11.09,5.97,23.4,9.61,6.71,3.04,4.53,6.24
62,3.85,16.05,23.3,21.92,20.38,23.07,22.66,18.71,8.04,19.0,18.59,12.35,2.87,21.33,24.07,17.17,18.43,1.83,23.92,24.11,22.95,19.46,16.33,23.21,23.06,24.07,2.23,3.58,4.09,14.41,22.76,9.72,20.22,22.4,21.92,15.59,23.64,18.39,22.0,14.23,15.89,13.24,18.25,8.63,4.55,8.9,23.71,13.24,15.62,3.14,11.65,19.65,22.51,16.07,8.16,15.1,23.81,16.24,15.89,13.42,15.43,999.0,24.98,17.16,22.16,9.66,21.9,23.06,19.18,18.87,8.2,20.6,21.55,21.66,20.81,4.45,17.38,12.42,20.08,16.32,11.49,14.36,24.03,19.88,23.74,24.19,13.24,14.7,18.71,15.11,21.77,23.67,21.01,15.89,23.7,11.42,16.17,14.72,11.0,21.58
63,24.05,9.47,8.57,4.39,10.37,8.25,3.41,6.89,17.02,14.65,7.42,13.22,22.27,15.77,5.55,11.27,7.16,25.09,1.15,7.78,16.17,10.61,10.09,7.87,9.54,3.76,24.77,24.32,23.86,13.17,10.31,16.02,7.7,5.17,4.21,9.76,2.14,7.67,10.28,11.32,13.7,12.12,18.81,20.25,24.06,16.12,7.25,12.12,14.13,27.68,13.51,9.51,4.14,11.99,16.83,10.95,1.37,10.04,13.7,11.83,9.92,24.98,999.0,7.82,4.5,15.54,8.74,1.92,18.16,16.88,16.78,4.39,3.44,15.55,9.58,27.78,15.36,14.08,18.7,10.47,18.52,10.65,2.85,6.89,1.3,1.66,11.95,13.38,6.89,10.04,17.13,1.31,15.71,13.7,25.08,18.97,10.53,10.32,14.41,3.87
64,16.4,2.99,9.44,5.34,8.52,9.04,5.95,2.99,9.24,11.41,3.27,5.89,14.47,13.56,8.38,6.91,2.86,17.32,6.77,9.6,14.68,8.03,4.56,8.92,9.9,7.46,17.02,16.65,16.23,7.21,10.21,8.52,6.04,6.31,5.25,2.59,6.67,3.3,9.65,4.03,8.74,4.74,14.76,13.15,16.48,8.32,8.96,4.74,9.07,19.9,5.76,7.15,6.11,6.9,9.01,4.27,6.66,4.03,8.74,4.22,2.96,17.16,7.82,999.0,5.69,7.76,8.43,5.9,14.57,13.32,8.97,3.44,4.39,13.54,8.2,20.09,11.23,6.98,15.41,5.12,12.07,2.84,7.16,4.85,6.6,7.17,4.26,7.66,2.99,2.46,14.86,6.52,13.35,8.74,21.6,12.52,4.72,2.56,6.86,4.74
65,21.84,8.39,11.28,0.39,11.95,10.89,5.7,6.68,14.55,15.78,3.61,11.57,19.64,17.49,8.77,11.61,6.82,22.55,3.48,10.84,18.25,11.85,9.66,10.59,12.11,1.91,22.3,22.06,21.69,12.63,12.74,14.14,9.02,0.94,0.6,6.57,5.19,3.83,12.45,7.96,13.82,10.42,19.62,18.83,21.98,13.61,10.19,10.42,14.21,25.06,10.51,10.74,6.45,11.95,14.21,7.27,3.21,6.2,13.82,8.74,8.55,22.16,4.5,5.69,999.0,12.5,10.91,3.4,19.22,17.92,14.14,3.29,3.02,17.35,11.32,25.44,16.03,10.37,19.93,10.18,17.7,8.05,2.08,7.79,4.08,5.22,8.94,13.02,6.68,7.12,18.86,3.81,17.34,13.82,20.66,18.16,6.54,7.62,12.47,5.02
66,9.83,7.54,15.65,12.27,13.4,15.32,13.6,9.9,2.95,14.0,8.93,5.01,7.24,16.57,15.58,10.36,9.63,10.17,14.44,16.19,18.09,12.56,8.52,15.34,15.72,14.42,9.97,9.99,9.75,8.27,15.69,4.6,12.18,12.75,12.28,5.94,14.42,8.73,14.97,4.58,10.4,5.19,15.49,8.84,10.14,2.29,15.66,5.19,10.41,12.61,2.03,12.27,13.62,9.49,2.29,5.52,14.3,6.65,10.4,3.77,6.85,9.66,15.54,7.76,12.5,999.0,14.32,13.62,15.9,15.0,2.2,11.15,12.1,16.75,13.53,13.17,12.87,3.5,16.89,8.77,9.66,4.93,14.4,11.44,14.35,14.93,3.61,8.82,9.9,5.52,17.53,14.24,16.26,10.4,19.39,9.98,6.69,5.22,4.07,12.43
67,19.73,6.89,1.4,10.55,2.02,1.22,5.52,5.44,14.2,6.25,11.0,9.77,19.03,7.05,3.65,4.8,5.57,21.38,8.66,2.36,7.48,2.75,5.83,1.49,1.48,11.57,20.94,20.07,19.48,7.58,1.87,12.19,2.39,11.84,10.31,10.92,6.64,11.16,1.57,12.13,6.78,9.2,10.48,14.82,19.51,13.59,2.23,9.2,7.2,23.93,12.77,2.25,4.71,5.91,14.39,12.63,8.83,12.45,6.78,11.87,7.57,21.9,8.74,8.43,10.91,14.32,999.0,8.02,9.67,8.44,14.4,7.81,7.89,6.81,1.25,23.45,7.39,14.93,10.1,5.68,12.3,10.2,10.7,3.61,7.84,7.08,11.77,7.42,5.44,10.52,8.4,8.06,7.0,6.78,29.97,12.68,13.14,10.25,11.12,5.9
68,22.16,7.66,8.16,3.16,9.39,7.79,2.52,5.19,15.1,13.54,5.7,11.37,20.36,14.92,5.44,9.84,5.43,23.18,0.93,7.59,15.49,9.49,8.43,7.46,9.06,3.56,22.87,22.43,21.98,11.52,9.76,14.15,6.54,4.27,2.93,7.88,1.79,5.95,9.59,9.44,12.23,10.26,17.61,18.46,22.19,14.2,6.97,10.26,12.66,25.77,11.59,8.36,3.33,10.45,14.91,9.12,0.95,8.27,12.23,9.93,8.08,23.06,1.92,5.9,3.4,13.62,8.02,999.0,17.05,15.75,14.86,2.47,1.52,14.74,8.66,25.89,14.09,12.24,17.66,8.85,16.85,8.72,2.68,5.53,0.81,1.87,10.03,11.78,5.19,8.12,16.3,0.64,14.82,12.23,24.0,17.3,8.8,8.4,12.53,2.37
69,15.79,11.65,10.44,18.83,7.82,10.58,14.77,12.56,13.97,3.52,17.83,11.19,16.71,3.4,13.31,7.71,12.45,17.93,17.85,11.57,4.59,7.57,10.02,10.96,9.52,20.38,17.42,16.14,15.5,8.04,8.71,11.58,10.52,20.09,18.63,16.13,16.02,17.87,8.36,16.54,6.0,11.66,1.19,10.56,15.26,13.97,11.75,11.66,5.79,20.03,15.47,8.69,14.02,7.72,14.54,17.56,17.97,17.99,6.0,15.72,11.93,19.18,18.16,14.57,19.22,15.9,9.67,17.05,999.0,1.3,14.62,15.93,16.41,3.82,8.63,18.83,3.37,18.35,0.99,9.46,7.71,14.46,19.63,11.56,17.09,16.53,15.46,7.46,12.56,15.4,2.95,17.27,3.22,6.0,34.85,7.76,18.6,14.81,11.85,14.69
70,15.62,10.42,9.28,17.53,6.56,9.4,13.48,11.26,13.22,2.23,16.57,10.18,16.3,2.78,12.09,6.43,11.16,17.72,16.56,10.42,4.26,6.28,8.77,9.77,8.38,19.08,17.21,15.98,15.34,6.95,7.59,10.81,9.22,18.79,17.33,14.93,14.74,16.62,7.19,15.4,4.85,10.57,2.06,10.31,15.13,13.15,10.56,10.57,4.7,19.91,14.45,7.4,12.73,6.5,13.76,16.4,16.67,16.79,4.85,14.61,10.72,18.87,16.88,13.32,17.92,15.0,8.44,15.75,1.3,999.0,13.83,14.63,15.11,3.19,7.38,18.82,2.2,17.31,2.09,8.21,7.39,13.31,18.33,10.26,15.8,15.25,14.36,6.38,11.26,14.22,2.9,15.97,2.51,4.85,33.78,7.51,17.41,13.64,10.93,13.39
71,7.81,8.01,15.78,13.88,13.2,15.49,14.51,10.61,0.8,13.12,10.66,4.64,5.52,15.68,16.14,10.01,10.33,8.41,15.74,16.46,17.26,12.31,8.59,15.57,15.72,16.05,8.15,8.0,7.7,7.55,15.57,3.03,12.45,14.48,13.86,7.6,15.46,10.49,14.82,6.43,9.55,5.28,14.07,6.71,8.07,0.81,15.98,5.28,9.46,10.95,3.75,12.22,14.41,9.01,0.1,7.49,15.62,8.59,9.55,5.47,7.35,8.2,16.78,8.97,14.14,2.2,14.4,14.86,14.62,13.83,999.0,12.41,13.36,15.9,13.46,11.31,11.81,5.7,15.61,8.72,7.83,6.19,15.94,11.93,15.54,16.0,5.24,8.03,10.61,7.03,16.51,15.47,15.36,9.55,21.28,8.11,8.72,6.58,3.33,13.41
72,19.78,5.5,8.37,2.9,8.7,7.96,3.29,3.43,12.66,12.5,3.74,9.07,17.91,14.22,6.31,8.36,3.6,20.75,3.33,8.12,15.03,8.56,6.55,7.71,9.11,4.6,20.44,20.04,19.6,9.61,9.67,11.81,5.78,4.19,2.7,5.47,3.54,3.97,9.32,7.03,10.63,7.93,16.35,16.26,19.83,11.75,7.45,7.93,11.04,23.33,9.13,7.47,3.82,8.77,12.45,6.82,3.23,6.08,10.63,7.47,5.82,20.6,4.39,3.44,3.29,11.15,7.81,2.47,15.93,14.63,12.41,999.0,0.96,14.1,8.1,23.49,12.77,9.89,16.64,7.04,14.84,6.25,4.05,4.53,3.21,3.94,7.57,9.95,3.43,5.67,15.59,3.1,14.07,10.63,22.7,15.3,6.67,5.93,10.16,2.19
