,1,2,3,4,5,6,7,8,9,10,11,12,13,14,15,16,17,18,19,20,21,22,23,24,25,26,27,28,29,30,31,32,33,34,35,36,37,38,39,40,41,42,43,44,45,46,47,48,49,50,51,52,53,54,55,56,57,58,59,60,61,62,63,64,65,66,67,68,69,70,71,72,73,74,75,76,77,78,79,80,81,82,83,84,85,86,87,88,89,90,91,92,93,94,95,96,97,98,99,100
1,999.0,10.64,6.91,11.73,2.18,23.34,11.64,15.13,9.9,9.43,5.06,2.37,10.23,14.11,1.07,8.01,15.7,9.17,11.7,17.19,8.48,0.83,6.68,12.4,12.0,8.38,8.34,11.64,2.22,11.76,9.81,9.54,10.44,22.71,7.82,13.25,13.13,23.06,10.44,10.38,20.96,8.97,11.08,11.49,3.63,10.18,11.49,13.82,22.05,13.61,21.09,2.37,10.02,6.99,14.04,9.14,13.23,11.64,7.58,12.64,12.11,16.76,2.26,13.48,13.05,10.44,9.35,1.76,6.32,24.43,12.38,13.43,8.67,11.52,12.46,5.74,11.23,6.98,2.17,5.89,14.12,15.24,13.14,11.67,9.66,9.06,11.38,11.96,10.88,8.01,7.1,25.0,9.67,16.5,6.06,23.01,12.99,2.97,18.58,13.34
2,10.64,999.0,4.18,4.67,9.61,21.58,1.65,8.74,2.59,14.48,5.74,9.16,17.91,5.06,9.57,2.66,11.3,1.69,2.61,9.01,12.14,11.12,16.2,3.88,4.26,15.36,5.39,1.65,8.58,2.75,17.42,5.91,16.94,20.14,14.95,3.31,4.68,19.37,16.94,14.13,19.19,5.69,8.47,5.72,9.58,3.18,6.21,3.85,19.44,5.42,19.08,11.06,4.96,9.13,11.51,1.5,6.16,1.65,11.01,2.22,3.09,13.49,9.37,5.1,3.73,12.35,15.52,9.07,13.31,22.49,4.64,15.1,9.66,5.89,2.19,5.64,2.54,5.44,8.91,8.94,12.6,12.34,3.24,5.07,5.22,4.06,3.3,4.34,0.26,2.66,4.01,22.2,16.0,7.63,11.19,20.19,9.26,7.93,16.1,6.01
3,6.91,4.18,999.0,5.11,6.47,20.13,5.62,9.08,2.99,10.63,1.86,6.04,13.8,7.25,5.87,2.27,10.63,2.51,4.79,10.61,8.4,7.25,12.04,5.54,5.25,11.26,2.7,5.62,5.17,6.28,13.3,6.89,12.94,19.0,10.83,7.36,6.32,18.71,12.94,10.52,17.68,6.37,6.51,7.9,5.4,5.44,5.5,6.93,18.29,6.87,17.67,6.96,3.79,5.37,9.9,2.87,6.77,5.62,7.21,6.39,6.68,12.38,5.31,6.7,7.53,9.08,11.53,5.2,9.17,21.14,7.73,12.12,6.33,8.02,5.65,3.8,4.33,4.72,5.63,4.94,10.63,10.98,6.25,5.18,6.47,5.19,6.35,5.23,4.39,2.27,3.06,21.21,12.01,9.73,7.12,19.16,8.03,4.72,14.77,6.81
4,11.73,4.67,5.11,999.0,11.56,16.94,6.09,4.24,2.56,12.09,6.88,11.14,16.2,2.76,10.75,5.75,6.63,4.21,2.28,5.52,9.69,11.91,15.67,1.45,0.66,13.64,3.57,6.09,10.22,7.33,15.72,10.32,14.79,15.47,13.37,7.29,1.66,14.72,14.79,11.28,14.57,9.99,4.48,10.38,9.25,7.78,1.81,3.6,14.77,1.92,14.45,11.17,1.87,7.17,7.03,4.99,1.71,6.09,8.81,6.0,7.62,8.84,9.77,1.87,8.04,9.14,13.43,9.96,11.99,17.84,9.26,11.38,6.87,10.55,3.73,8.6,2.16,9.06,10.71,7.57,8.26,7.76,3.24,0.47,9.68,8.4,7.96,0.54,4.59,5.75,7.29,17.53,13.91,4.81,9.68,15.52,4.74,9.82,11.47,1.71
5,2.18,9.61,6.47,11.56,999.0,24.62,10.37,15.33,9.4,11.36,4.68,0.45,12.4,13.67,1.84,6.95,16.32,8.36,11.1,17.07,10.13,3.01,8.81,11.98,11.71,10.49,8.5,10.37,1.4,10.3,11.98,7.58,12.55,23.85,9.94,11.87,12.78,24.01,12.55,12.16,22.2,7.04,11.75,9.6,5.08,8.6,11.66,13.12,23.17,13.34,22.3,4.4,10.04,8.15,14.93,8.14,13.18,10.37,9.11,11.42,10.62,17.63,3.58,13.16,11.54,11.91,11.41,2.6,8.37,25.7,10.67,15.01,9.81,9.61,11.62,4.18,10.67,5.2,0.87,7.06,15.2,16.12,12.44,11.58,7.78,7.37,9.8,11.7,9.87,6.95,5.74,26.13,11.75,16.19,7.77,24.11,13.6,1.76,19.65,13.24
6,23.34,21.58,20.13,16.94,24.62,999.0,23.03,13.43,19.15,15.32,20.98,24.39,18.69,17.89,22.93,21.92,10.39,20.73,19.18,15.26,15.1,22.9,21.99,18.04,17.44,17.75,17.44,23.03,23.32,24.27,18.56,26.81,16.7,2.0,18.06,24.11,17.5,4.28,16.7,13.78,2.46,26.36,13.63,27.22,19.72,24.57,15.39,19.6,2.49,16.87,2.5,21.26,16.88,16.47,10.26,21.57,15.7,23.03,15.8,22.84,24.55,8.1,21.18,17.2,24.92,12.96,16.5,22.06,18.38,1.1,26.2,10.34,14.82,27.38,20.48,23.83,19.1,24.86,23.84,17.57,9.56,9.28,19.63,16.52,26.25,24.92,24.88,17.34,21.52,21.92,23.15,2.57,16.62,16.8,17.45,2.39,12.37,23.42,5.48,15.93
7,11.64,1.65,5.62,6.09,10.37,23.03,999.0,9.95,4.23,16.09,6.99,9.93,19.42,5.88,10.59,3.7,12.69,3.24,3.86,9.8,13.76,12.2,17.5,5.07,5.6,16.88,7.04,0.0,9.49,1.26,18.92,5.31,18.5,21.54,16.45,1.74,5.77,20.66,18.5,15.76,20.66,5.26,10.09,4.59,10.96,2.49,7.74,4.33,20.84,6.49,20.54,12.31,6.58,10.73,13.05,2.76,7.43,0.0,12.61,1.08,1.52,14.93,10.6,6.16,2.08,14.0,17.09,10.19,14.79,23.92,3.19,16.75,11.3,4.76,2.81,6.23,3.94,5.64,9.76,10.49,14.18,13.84,3.9,6.52,4.6,3.76,2.03,5.69,1.6,3.7,4.64,23.55,17.57,8.27,12.72,21.57,10.78,8.79,17.56,7.24
8,15.13,8.74,9.08,4.24,15.33,13.43,9.95,999.0,6.8,12.88,10.69,14.94,17.35,4.46,14.25,9.98,3.19,8.45,6.14,3.04,10.73,15.15,17.86,4.89,4.5,14.97,6.85,9.95,13.94,11.21,16.92,14.53,15.6,11.77,14.84,10.81,4.2,10.73,15.6,11.63,11.22,14.21,4.81,14.44,12.09,11.91,3.67,6.18,11.09,3.51,11.02,14.09,5.31,9.17,4.96,9.22,2.59,9.95,10.26,9.58,11.44,5.54,12.98,3.85,11.68,9.32,14.4,13.39,13.82,14.23,13.13,10.44,8.1,14.61,7.22,12.74,6.21,13.29,14.46,9.97,6.37,5.04,6.28,4.0,13.88,12.62,11.94,4.43,8.61,9.98,11.51,13.68,14.84,3.87,11.62,11.74,3.33,13.65,8.14,2.73
9,9.9,2.59,2.99,2.56,9.4,19.15,4.23,6.8,999.0,12.21,4.85,8.96,15.9,4.27,8.86,3.19,9.01,1.66,1.83,7.83,9.82,10.21,14.68,2.59,2.46,13.32,2.99,4.23,8.14,5.34,15.41,7.82,14.76,17.78,12.96,5.78,3.4,17.16,14.76,11.72,16.73,7.46,5.89,8.07,8.03,5.42,3.76,3.99,17.07,4.03,16.65,9.78,2.38,6.9,8.99,2.48,4.26,4.23,8.74,4.54,5.69,11.1,8.2,3.81,6.31,9.84,13.35,8.17,11.41,20.09,7.2,12.52,7.21,8.23,2.98,6.11,1.35,6.51,8.58,6.91,10.04,9.88,3.34,2.84,7.21,5.9,5.81,2.48,2.63,3.19,4.74,19.9,13.84,6.8,9.17,17.87,6.78,7.64,13.67,4.22
10,9.43,14.48,10.63,12.09,11.36,15.32,16.09,12.88,12.21,999.0,10.02,11.32,4.51,14.8,9.52,12.88,11.41,12.84,13.68,15.86,2.41,8.74,6.69,13.47,12.71,2.54,9.22,16.09,10.46,16.89,4.12,16.88,2.74,15.25,2.76,17.79,13.73,16.33,2.74,1.63,13.22,16.29,8.21,18.31,6.49,16.03,10.6,15.6,14.71,13.73,13.48,7.07,10.41,5.35,8.91,13.42,12.58,16.09,3.48,16.66,17.28,11.09,7.89,13.83,18.1,3.66,1.56,8.9,3.3,16.4,18.35,5.01,5.22,18.42,15.11,12.81,13.25,14.22,10.85,5.71,8.06,9.84,15.11,11.71,16.66,15.53,16.98,12.61,14.62,12.88,13.17,17.44,1.96,16.12,3.8,15.68,9.59,10.94,11.77,12.85
11,5.06,5.74,1.86,6.88,4.68,20.98,6.99,10.69,4.85,10.02,999.0,4.27,12.71,9.1,4.01,3.3,11.93,4.17,6.64,12.4,8.02,5.44,10.52,7.39,7.07,10.26,3.93,6.99,3.34,7.41,12.22,6.89,12.09,19.98,9.78,8.7,8.16,19.88,12.09,10.19,18.52,6.3,7.53,8.31,4.06,6.19,7.04,8.76,19.28,8.7,18.55,5.33,5.39,5.15,10.88,4.29,8.5,6.99,6.81,7.88,7.79,13.49,3.63,8.53,8.71,9.13,10.71,3.38,8.07,22.02,8.55,12.27,6.51,8.41,7.42,3.0,6.18,4.3,3.82,4.39,11.42,12.02,8.09,6.91,6.64,5.53,7.28,7.05,5.97,3.3,3.16,22.23,11.16,11.56,6.29,20.18,9.24,2.96,15.74,8.57
12,2.37,9.16,6.04,11.14,0.45,24.39,9.93,14.94,8.96,11.32,4.27,999.0,12.53,13.23,1.83,6.5,15.98,7.91,10.66,16.65,10.01,3.19,9.05,11.55,11.29,10.56,8.12,9.93,1.08,9.87,12.1,7.25,12.61,23.59,10.0,11.44,12.34,23.71,12.61,12.07,21.96,6.69,11.42,9.24,4.96,8.19,11.27,12.67,22.9,12.92,22.05,4.46,9.65,7.93,14.64,7.69,12.77,9.93,8.96,10.98,10.19,17.33,3.47,12.73,11.12,11.75,11.44,2.47,8.41,25.46,10.28,14.86,9.58,9.26,11.17,3.75,10.23,4.81,0.55,6.85,14.94,15.82,12.0,11.17,7.42,6.97,9.39,11.27,9.42,6.5,5.3,25.87,11.79,15.76,7.69,23.84,13.26,1.32,19.38,12.83
13,10.23,17.91,13.8,16.2,12.4,18.69,19.42,17.35,15.9,4.51,12.71,12.53,999.0,18.95,10.76,15.91,15.91,16.22,17.53,20.3,6.65,9.4,4.48,17.51,16.78,2.58,13.0,19.42,11.97,20.04,0.49,19.17,2.06,18.96,2.97,21.15,17.86,20.31,2.06,5.99,16.86,18.57,12.6,20.87,8.66,18.9,14.84,19.58,18.48,17.94,17.18,8.13,14.41,9.08,13.4,16.67,16.87,19.42,7.39,20.13,20.43,15.48,9.6,18.0,21.31,8.17,2.96,10.48,4.64,19.74,21.25,8.91,9.44,20.95,18.87,15.04,17.08,16.46,12.18,9.0,12.47,14.29,19.02,15.86,19.1,18.15,19.97,16.68,18.09,15.91,15.81,21.02,2.55,20.46,6.74,19.42,14.07,12.62,15.87,17.12
14,14.11,5.06,7.25,2.76,13.67,17.89,5.88,4.46,4.27,14.8,9.1,13.23,18.95,999.0,13.09,7.13,7.57,5.51,2.66,3.96,12.41,14.37,18.4,1.72,2.24,16.4,6.26,5.88,12.41,7.1,18.48,10.95,17.51,16.23,16.13,6.45,1.1,15.1,17.51,13.91,15.66,10.75,6.89,10.47,11.89,8.15,4.24,1.73,15.55,1.19,15.47,13.77,4.62,9.93,8.75,6.06,2.54,5.88,11.56,5.3,7.27,9.93,12.29,0.99,7.37,11.7,16.16,12.37,14.75,18.69,8.96,13.68,9.58,10.64,3.07,10.21,3.03,10.34,12.86,10.31,10.11,9.18,1.98,3.1,10.25,9.12,7.91,2.32,4.85,7.13,8.7,18.1,16.64,2.61,12.44,16.19,6.54,11.91,12.56,2.25
15,1.07,9.57,5.87,10.75,1.84,22.93,10.59,14.25,8.86,9.52,4.01,1.83,10.76,13.09,999.0,6.94,14.97,8.11,10.65,16.24,8.3,1.67,7.49,11.38,11.0,8.74,7.42,10.59,1.27,10.73,10.32,8.68,10.79,22.22,8.19,12.2,12.12,22.48,10.79,10.32,20.53,8.1,10.35,10.58,3.28,9.17,10.6,12.77,21.55,12.62,20.64,2.65,9.08,6.48,13.42,8.07,12.28,10.59,7.31,11.57,11.08,16.13,1.77,12.48,12.02,10.14,9.61,0.9,6.58,24.02,11.4,13.21,8.15,10.63,11.39,4.76,10.19,6.06,1.42,5.37,13.59,14.61,12.09,10.71,8.75,8.09,10.36,10.97,9.82,6.94,6.06,24.51,9.97,15.51,5.94,22.5,12.25,2.01,18.06,12.38
16,8.01,2.66,2.27,5.75,6.95,21.92,3.7,9.98,3.19,12.88,3.3,6.5,15.91,7.13,6.94,999.0,12.03,1.63,4.47,10.92,10.67,8.53,13.81,5.59,5.62,13.41,4.61,3.7,5.92,4.13,15.42,4.89,15.14,20.67,12.96,5.4,6.44,20.19,15.14,12.79,19.47,4.44,8.33,5.67,7.33,3.17,6.74,6.28,19.96,7.13,19.43,8.61,5.1,7.64,11.66,1.19,7.45,3.7,9.48,4.64,4.52,13.99,6.9,6.87,5.42,11.32,13.74,6.5,11.27,22.9,5.46,14.32,8.57,5.8,4.7,3.11,4.13,3.32,6.25,7.18,12.53,12.66,5.61,6.0,4.37,3.05,4.11,5.65,2.92,0.0,1.58,22.83,14.21,9.74,9.31,20.79,9.61,5.26,16.48,7.4
17,15.7,11.3,10.63,6.63,16.32,10.39,12.69,3.19,9.01,11.41,11.93,15.98,15.91,7.57,14.97,12.03,999.0,10.66,8.83,5.8,9.61,15.55,17.2,7.66,7.09,13.76,8.02,12.69,14.92,13.94,15.53,16.83,14.0,8.85,13.75,13.72,7.12,8.16,14.0,9.95,8.1,16.44,4.62,17.01,12.28,14.39,5.29,9.25,8.15,6.5,7.93,14.23,6.95,8.98,2.54,11.49,5.31,12.69,9.5,12.46,14.21,2.36,13.45,6.83,14.54,7.75,12.97,14.06,13.06,11.24,15.87,8.01,7.51,17.17,10.1,14.43,8.78,15.21,15.46,9.98,3.76,2.06,9.25,6.24,16.22,14.91,14.59,6.99,11.22,12.03,13.44,10.9,13.36,6.97,11.11,8.89,2.72,14.78,4.99,5.55
18,9.17,1.69,2.51,4.21,8.36,20.73,3.24,8.45,1.66,12.84,4.17,7.91,16.22,5.51,8.11,1.63,10.66,999.0,2.85,9.29,10.52,9.6,14.54,3.96,4.02,13.67,3.89,3.24,7.21,4.13,15.73,6.17,15.26,19.4,13.26,4.96,4.82,18.81,15.26,12.54,18.31,5.8,7.31,6.52,7.91,3.87,5.39,4.76,18.69,5.51,18.24,9.44,3.86,7.49,10.52,0.84,5.89,3.24,9.37,3.91,4.51,12.71,7.76,5.24,5.28,10.85,13.85,7.54,11.62,21.69,5.85,13.7,8.12,6.68,3.29,4.7,2.5,4.92,7.6,7.26,11.51,11.46,4.09,4.5,5.56,4.25,4.44,4.06,1.88,1.63,3.21,21.53,14.33,8.12,9.5,19.49,8.36,6.62,15.27,5.82
19,11.7,2.61,4.79,2.28,11.1,19.18,3.86,6.14,1.83,13.68,6.64,10.66,17.53,2.66,10.65,4.47,8.83,2.85,999.0,6.51,11.27,12.03,16.47,1.27,1.74,14.95,4.54,3.86,9.88,5.11,17.05,8.5,16.3,17.68,14.62,5.01,2.09,16.82,16.3,13.05,16.83,8.24,6.61,8.3,9.84,5.79,4.04,2.17,16.98,2.82,16.7,11.6,3.34,8.47,9.32,3.42,3.59,3.86,10.26,3.72,5.38,11.08,10.02,2.51,5.76,11.03,14.9,9.98,13.11,20.07,7.05,13.48,8.54,8.47,1.51,7.56,0.48,7.7,10.31,8.6,10.52,10.04,1.53,2.74,7.82,6.62,5.8,1.84,2.47,4.47,6.04,19.7,15.39,5.27,10.83,17.71,7.02,9.35,13.72,3.42
20,17.19,9.01,10.61,5.52,17.07,15.26,9.8,3.04,7.83,15.86,12.4,16.65,20.3,3.96,16.24,10.92,5.8,9.29,6.51,999.0,13.65,17.33,20.56,5.32,5.39,17.87,8.89,9.8,15.73,11.0,19.86,14.91,18.59,13.43,17.71,10.17,4.47,11.93,18.59,14.65,13.28,14.7,7.7,14.39,14.47,12.1,5.88,5.49,12.8,3.8,13.0,16.44,7.18,11.83,7.93,9.92,3.97,9.8,13.09,9.13,11.14,7.97,15.16,4.05,11.12,12.34,17.36,15.43,16.6,15.92,12.81,13.46,10.94,14.56,7.01,13.94,6.79,14.19,16.22,12.5,9.33,7.83,5.9,5.53,14.21,13.07,11.83,5.39,8.81,10.92,12.49,15.05,17.81,1.68,14.34,13.28,6.36,15.33,10.35,3.86
21,8.48,12.14,8.4,9.69,10.13,15.1,13.76,10.73,9.82,2.41,8.02,10.01,6.65,12.41,8.3,10.67,9.61,10.52,11.27,13.65,999.0,7.92,7.67,11.07,10.31,4.24,6.83,13.76,9.04,14.6,6.21,14.9,5.1,14.72,4.16,15.45,11.33,15.48,5.1,2.18,12.81,14.32,5.96,16.21,5.05,13.84,8.23,13.19,14.11,11.36,13.0,6.24,8.0,3.05,7.24,11.13,10.24,13.76,1.21,14.3,14.99,9.7,6.55,11.45,15.79,2.21,3.76,7.54,3.57,16.19,16.13,4.96,2.83,16.32,12.71,10.93,10.84,12.3,9.49,3.63,6.68,8.31,12.69,9.32,14.62,13.44,14.74,10.2,12.27,10.67,11.1,16.98,4.24,13.82,2.42,15.08,7.51,9.39,10.86,10.5
22,0.83,11.12,7.25,11.91,3.01,22.9,12.2,15.15,10.21,8.74,5.44,3.19,9.4,14.37,1.67,8.53,15.55,9.6,12.03,17.33,7.92,999.0,5.88,12.66,12.22,7.59,8.44,12.2,2.93,12.38,8.98,10.31,9.66,22.33,7.03,13.84,13.36,22.76,9.66,9.76,20.54,9.73,10.94,12.24,3.3,10.84,11.55,14.17,21.68,13.81,20.69,1.7,10.15,6.7,13.79,9.63,13.35,12.2,7.1,13.17,12.74,16.5,2.18,13.7,13.67,9.95,8.59,2.06,5.57,23.99,13.08,12.88,8.35,12.28,12.87,6.43,11.56,7.72,2.95,5.62,13.79,14.98,13.5,11.82,10.4,9.76,12.03,12.18,11.36,8.53,7.72,24.61,8.9,16.71,5.51,22.64,12.86,3.68,18.24,13.48
23,6.68,16.2,12.04,15.67,8.81,21.99,17.5,17.86,14.68,6.69,10.52,9.05,4.48,18.4,7.49,13.81,17.2,14.54,16.47,20.56,7.67,5.88,999.0,16.77,16.15,4.26,12.14,17.5,8.76,17.87,4.26,16.17,5.78,21.94,3.94,19.21,17.31,22.95,5.78,8.29,19.92,15.59,13.09,18.06,6.66,16.47,14.72,18.63,21.39,17.57,20.17,5.22,13.8,8.73,14.9,14.78,16.75,17.5,7.72,18.37,18.25,17.37,6.93,17.55,19.18,9.8,5.53,7.53,4.14,23.07,18.77,11.71,9.82,18.11,17.6,12.19,15.99,13.54,8.83,8.12,14.33,15.98,18.0,15.44,16.23,15.49,17.63,16.08,16.41,13.81,13.3,24.13,5.51,20.35,6.24,22.36,14.88,9.5,18.36,16.95
24,12.4,3.88,5.54,1.45,11.98,18.04,5.07,4.89,2.59,13.47,7.39,11.55,17.51,1.72,11.38,5.59,7.66,3.96,1.27,5.32,11.07,12.66,16.77,999.0,0.79,14.93,4.64,5.07,10.7,6.33,17.03,9.76,16.15,16.5,14.64,6.07,0.85,15.59,16.15,12.7,15.71,9.5,5.92,9.56,10.22,7.06,3.24,2.16,15.8,1.57,15.57,12.08,3.1,8.44,8.34,4.61,2.36,5.07,10.14,4.8,6.57,9.95,10.58,1.28,6.88,10.58,14.78,10.65,13.21,18.91,8.26,12.82,8.26,9.73,2.44,8.63,1.47,8.87,11.16,8.73,9.61,8.98,1.8,1.91,9.09,7.88,7.05,0.91,3.74,5.59,7.17,18.49,15.26,4.22,10.9,16.51,6.05,10.22,12.6,2.17
25,12.0,4.26,5.25,0.66,11.71,17.44,5.6,4.5,2.46,12.71,7.07,11.29,16.78,2.24,11.0,5.62,7.09,4.02,1.74,5.39,10.31,12.22,16.15,0.79,999.0,14.22,4.02,5.6,10.4,6.85,16.3,10.04,15.4,15.94,13.93,6.72,1.16,15.11,15.4,11.92,15.09,9.73,5.14,9.98,9.66,7.41,2.45,2.95,15.24,1.63,14.96,11.56,2.39,7.73,7.63,4.75,1.91,5.6,9.41,5.43,7.12,9.34,10.11,1.48,7.49,9.79,14.03,10.24,12.53,18.32,8.78,12.04,7.5,10.15,3.12,8.57,1.72,8.94,10.88,8.08,8.87,8.31,2.59,1.12,9.38,8.12,7.51,0.12,4.15,5.62,7.19,17.97,14.51,4.5,10.22,15.97,5.33,9.96,11.98,1.81
26,8.38,15.36,11.26,13.64,10.49,17.75,16.88,14.97,13.32,2.54,10.26,10.56,2.58,16.4,8.74,13.41,13.76,13.67,14.95,17.87,4.24,7.59,4.26,14.93,14.22,999.0,10.42,16.88,9.87,17.53,2.09,16.88,2.06,17.75,0.56,18.61,15.3,18.87,2.06,4.17,15.71,16.28,10.18,18.51,6.28,16.45,12.32,17.0,17.22,15.4,15.98,6.1,11.84,6.5,11.31,14.13,14.36,16.88,4.85,17.57,17.92,13.58,7.38,15.46,18.79,6.04,1.28,8.32,2.23,18.82,18.8,7.51,6.95,18.59,16.29,12.73,14.49,14.16,10.15,6.43,10.53,12.29,16.44,13.31,16.76,15.75,17.5,14.12,15.53,13.41,13.39,19.91,1.39,17.97,4.17,18.18,11.74,10.47,14.31,14.61
27,8.34,5.39,2.7,3.57,8.5,17.44,7.04,6.85,2.99,9.22,3.93,8.12,13.0,6.26,7.42,4.61,8.02,3.89,4.54,8.89,6.83,8.44,12.14,4.64,4.02,10.42,999.0,7.04,7.1,8.02,12.51,9.47,11.79,16.3,10.08,8.68,5.17,16.05,11.79,8.75,14.99,8.98,3.81,10.23,5.67,7.63,3.18,6.61,15.59,5.49,14.97,7.61,1.73,3.94,7.2,4.64,4.92,7.04,5.77,7.49,8.39,9.7,6.27,5.44,9.11,6.96,10.39,6.58,8.6,18.45,9.73,9.81,4.26,10.38,5.91,6.47,4.08,7.42,7.63,4.1,7.96,8.28,6.03,3.41,8.98,7.66,8.32,3.95,5.49,4.61,5.72,18.52,10.88,8.36,6.31,16.47,5.37,6.85,12.07,5.06
28,11.64,1.65,5.62,6.09,10.37,23.03,0.0,9.95,4.23,16.09,6.99,9.93,19.42,5.88,10.59,3.7,12.69,3.24,3.86,9.8,13.76,12.2,17.5,5.07,5.6,16.88,7.04,999.0,9.49,1.26,18.92,5.31,18.5,21.54,16.45,1.74,5.77,20.66,18.5,15.76,20.66,5.26,10.09,4.59,10.96,2.49,7.74,4.33,20.84,6.49,20.54,12.31,6.58,10.73,13.05,2.76,7.43,0.0,12.61,1.08,1.52,14.93,10.6,6.16,2.08,14.0,17.09,10.19,14.79,23.92,3.19,16.75,11.3,4.76,2.81,6.23,3.94,5.64,9.76,10.49,14.18,13.84,3.9,6.52,4.6,3.76,2.03,5.69,1.6,3.7,4.64,23.55,17.57,8.27,12.72,21.57,10.78,8.79,17.56,7.24
29,2.22,8.58,5.17,10.22,1.4,23.32,9.49,13.94,8.14,10.46,3.34,1.08,11.97,12.41,1.27,5.92,14.92,7.21,9.88,15.73,9.04,2.93,8.76,10.7,10.4,9.87,7.1,9.49,999.0,9.56,11.51,7.41,11.9,22.51,9.32,11.07,11.48,22.63,11.9,11.13,20.89,6.82,10.35,9.31,4.01,7.96,10.27,11.95,21.83,12.03,20.97,3.84,8.67,6.87,13.56,7.08,11.82,9.49,7.96,10.51,9.91,16.25,2.57,11.86,10.84,10.72,10.67,1.57,7.67,24.39,10.17,13.85,8.51,9.36,10.5,3.52,9.44,4.79,0.54,5.8,13.86,14.74,11.27,10.23,7.48,6.85,9.16,10.38,8.83,5.92,4.9,24.79,11.05,14.89,6.76,22.76,12.2,0.75,18.3,11.89
30,11.76,2.75,6.28,7.33,10.3,24.27,1.26,11.21,5.34,16.89,7.41,9.87,20.04,7.1,10.73,4.13,13.94,4.13,5.11,11.0,14.6,12.38,17.87,6.33,6.85,17.53,8.02,1.26,9.56,999.0,19.54,4.39,19.22,22.79,17.08,1.64,7.03,21.92,19.22,16.66,21.89,4.45,11.22,3.4,11.46,1.8,8.94,5.51,22.09,7.75,21.78,12.66,7.71,11.56,14.25,3.47,8.69,1.26,13.43,1.94,0.39,16.17,10.94,7.41,1.3,14.98,17.82,10.43,15.39,25.16,1.93,17.79,12.25,3.57,4.05,6.12,5.17,5.27,9.76,11.22,15.36,15.06,5.12,7.75,3.7,3.16,0.88,6.94,2.77,4.13,4.66,24.81,18.29,9.45,13.4,22.82,11.99,8.83,18.8,8.5
31,9.81,17.42,13.3,15.72,11.98,18.56,18.92,16.92,15.41,4.12,12.22,12.1,0.49,18.48,10.32,15.42,15.53,15.73,17.05,19.86,6.21,8.98,4.26,17.03,16.3,2.09,12.51,18.92,11.51,19.54,999.0,18.7,1.86,18.77,2.47,20.66,17.38,20.08,1.86,5.65,16.68,18.1,12.16,20.39,8.18,18.41,14.38,19.09,18.28,17.47,16.99,7.68,13.93,8.6,13.03,16.17,16.41,18.92,6.92,19.64,19.93,15.15,9.13,17.53,20.82,7.78,2.56,10.02,4.15,19.61,20.76,8.66,8.99,20.47,18.38,14.56,16.59,15.99,11.74,8.51,12.13,13.94,18.54,15.38,18.62,17.66,19.48,16.21,17.59,15.42,15.32,20.85,2.2,20.01,6.25,19.23,13.65,12.16,15.61,16.66
32,9.54,5.91,6.89,10.32,7.58,26.81,5.31,14.53,7.82,16.88,6.89,7.25,19.17,10.95,8.68,4.89,16.83,6.17,8.5,14.91,14.9,10.31,16.17,9.76,10.04,16.88,9.47,5.31,7.41,4.39,18.7,999.0,18.81,25.54,16.36,5.93,10.58,24.98,18.81,17.08,24.36,0.6,13.22,2.07,10.61,2.84,11.54,9.57,24.82,11.32,24.32,11.14,9.95,11.99,16.55,5.35,11.95,5.31,13.7,6.27,4.5,18.85,9.58,11.01,5.17,15.88,17.47,8.75,14.65,27.78,3.63,18.97,13.17,2.06,7.93,4.14,8.34,2.72,7.37,11.27,17.42,17.55,9.05,10.65,0.71,1.92,3.54,10.1,6.1,4.89,3.87,27.68,17.9,13.47,13.11,25.64,14.47,6.68,21.37,11.83
33,10.44,16.94,12.94,14.79,12.55,16.7,18.5,15.6,14.76,2.74,12.09,12.61,2.06,17.51,10.79,15.14,14.0,15.26,16.3,18.59,5.1,9.66,5.78,16.15,15.4,2.06,11.79,18.5,11.9,19.22,1.86,18.81,999.0,16.91,2.62,20.22,16.43,18.25,0.0,4.05,14.82,18.21,10.94,20.38,8.2,18.24,13.32,18.27,16.43,16.45,15.13,8.16,13.07,7.86,11.47,15.79,15.31,18.5,6.04,19.13,19.62,13.46,9.38,16.54,20.47,6.31,1.41,10.34,4.23,17.75,20.58,6.85,7.93,20.47,17.7,14.67,15.86,16.1,12.2,8.01,10.49,12.31,17.75,14.42,18.65,17.61,19.25,15.29,17.09,15.14,15.24,18.99,0.93,18.86,5.83,17.38,12.29,12.48,13.8,15.58
34,22.71,20.14,19.0,15.47,23.85,2.0,21.54,11.77,17.78,15.25,19.98,23.59,18.96,16.23,22.22,20.67,8.85,19.4,17.68,13.43,14.72,22.33,21.94,16.5,15.94,17.75,16.3,21.54,22.51,22.79,18.77,25.54,16.91,999.0,18.01,22.54,15.91,2.36,16.91,13.65,2.11,25.11,12.5,25.83,19.09,23.19,14.02,17.96,0.71,15.26,1.78,20.73,15.58,15.75,9.11,20.24,14.14,21.54,15.29,21.29,23.06,6.69,20.5,15.59,23.38,12.52,16.56,21.34,18.14,2.5,24.72,10.24,14.07,25.99,18.92,22.75,17.63,23.71,23.04,16.85,8.65,8.03,18.03,15.07,24.96,23.63,23.43,15.85,20.06,20.67,21.97,2.29,16.73,15.0,16.98,0.54,11.06,22.55,4.24,14.36
35,7.82,14.95,10.83,13.37,9.94,18.06,16.45,14.84,12.96,2.76,9.78,10.0,2.97,16.13,8.19,12.96,13.75,13.26,14.62,17.71,4.16,7.03,3.94,14.64,13.93,0.56,10.08,16.45,9.32,17.08,2.47,16.36,2.62,18.01,999.0,18.19,15.03,19.07,2.62,4.37,15.98,15.76,10.03,18.01,5.78,15.97,12.1,16.68,17.46,15.15,16.24,5.54,11.55,6.2,11.33,13.7,14.14,16.45,4.64,17.17,17.47,13.67,6.84,15.2,18.35,6.09,1.74,7.78,1.72,19.14,18.33,7.77,6.77,18.09,15.94,12.22,14.15,13.64,9.6,6.05,10.62,12.34,16.12,13.04,16.25,15.26,17.03,13.84,15.12,12.96,12.9,20.19,1.92,17.76,3.79,18.43,11.66,9.92,14.49,14.38
36,13.25,3.31,7.36,7.29,11.87,24.11,1.74,10.81,5.78,17.79,8.7,11.44,21.15,6.45,12.2,5.4,13.72,4.96,5.01,10.17,15.45,13.84,19.21,6.07,6.72,18.61,8.68,1.74,11.07,1.64,20.66,5.93,20.22,22.54,18.19,999.0,6.63,21.52,20.22,17.43,21.79,6.04,11.52,4.61,12.69,3.43,9.04,4.74,21.85,7.3,21.64,14.01,8.06,12.44,14.33,4.49,8.41,1.74,14.32,1.29,1.44,16.02,12.29,6.96,0.97,15.61,18.81,11.85,16.53,24.96,2.78,18.28,12.95,4.76,3.63,7.69,5.22,6.9,11.3,12.22,15.52,15.03,4.53,7.75,5.26,4.8,2.4,6.83,3.19,5.4,6.17,24.48,19.29,8.54,14.45,22.53,12.03,10.35,18.67,8.18
37,13.13,4.68,6.32,1.66,12.78,17.5,5.77,4.2,3.4,13.73,8.16,12.34,17.86,1.1,12.12,6.44,7.12,4.82,2.09,4.47,11.33,13.36,17.31,0.85,1.16,15.3,5.17,5.77,11.48,7.03,17.38,10.58,16.43,15.91,15.03,6.63,999.0,14.92,16.43,12.87,15.21,10.33,5.91,10.31,10.82,7.85,3.22,2.24,15.22,0.74,15.04,12.71,3.52,8.84,8.03,5.46,1.83,5.77,10.47,5.39,7.25,9.45,11.26,0.43,7.48,10.68,15.08,11.37,13.65,18.34,8.94,12.76,8.51,10.48,3.03,9.48,2.32,9.73,11.95,9.22,9.35,8.57,2.14,2.01,9.9,8.7,7.78,1.23,4.52,6.44,8.02,17.86,15.56,3.41,11.34,15.91,5.76,11.02,12.09,1.57
38,23.06,19.37,18.71,14.72,24.01,4.28,20.66,10.73,17.16,16.33,19.88,23.71,20.31,15.1,22.48,20.19,8.16,18.81,16.82,11.93,15.48,22.76,22.95,15.59,15.11,18.87,16.05,20.66,22.63,21.92,20.08,24.98,18.25,2.36,19.07,21.52,14.92,999.0,18.25,14.7,4.02,24.6,12.35,25.09,19.46,22.5,13.45,16.83,2.27,14.23,3.58,21.23,15.1,16.07,9.08,19.63,13.24,20.66,15.89,20.31,22.16,6.39,20.81,14.57,22.4,13.27,17.73,21.58,19.0,4.45,23.85,11.42,14.41,25.26,17.95,22.51,16.83,23.35,23.17,17.17,8.97,7.89,16.99,14.36,24.37,23.06,22.62,15.03,19.26,20.19,21.58,3.14,17.96,13.57,17.6,1.89,10.69,22.6,4.61,13.42
39,10.44,16.94,12.94,14.79,12.55,16.7,18.5,15.6,14.76,2.74,12.09,12.61,2.06,17.51,10.79,15.14,14.0,15.26,16.3,18.59,5.1,9.66,5.78,16.15,15.4,2.06,11.79,18.5,11.9,19.22,1.86,18.81,0.0,16.91,2.62,20.22,16.43,18.25,999.0,4.05,14.82,18.21,10.94,20.38,8.2,18.24,13.32,18.27,16.43,16.45,15.13,8.16,13.07,7.86,11.47,15.79,15.31,18.5,6.04,19.13,19.62,13.46,9.38,16.54,20.47,6.31,1.41,10.34,4.23,17.75,20.58,6.85,7.93,20.47,17.7,14.67,15.86,16.1,12.2,8.01,10.49,12.31,17.75,14.42,18.65,17.61,19.25,15.29,17.09,15.14,15.24,18.99,0.93,18.86,5.83,17.38,12.29,12.48,13.8,15.58
40,10.38,14.13,10.52,11.28,12.16,13.78,15.76,11.63,11.72,1.63,10.19,12.07,5.99,13.91,10.32,12.79,9.95,12.54,13.05,14.65,2.18,9.76,8.29,12.7,11.92,4.17,8.75,15.76,11.13,16.66,5.65,17.08,4.05,13.65,4.37,17.43,12.87,14.7,4.05,999.0,11.64,16.5,7.12,18.36,7.11,15.96,9.67,14.86,13.1,12.79,11.89,8.06,9.72,5.16,7.42,13.19,11.58,15.76,3.38,16.24,17.04,9.51,8.59,12.93,17.82,2.31,3.12,9.6,4.63,14.87,18.23,3.44,4.52,18.48,14.53,13.11,12.65,14.48,11.56,5.81,6.49,8.29,14.41,10.87,16.79,15.6,16.83,11.81,14.24,12.79,13.27,15.85,3.45,15.04,4.38,14.07,8.31,11.52,10.14,11.86
41,20.96,19.19,17.68,14.57,22.2,2.46,20.66,11.22,16.73,13.22,18.52,21.96,16.86,15.66,20.53,19.47,8.1,18.31,16.83,13.28,12.81,20.54,19.92,15.71,15.09,15.71,14.99,20.66,20.89,21.89,16.68,24.36,14.82,2.11,15.98,21.79,15.21,4.02,14.82,11.64,999.0,23.91,11.18,24.8,17.34,22.15,12.99,17.35,1.78,14.6,0.44,18.92,14.45,14.06,7.81,19.14,13.39,20.66,13.46,20.51,22.18,5.76,18.79,14.93,22.58,10.65,14.5,19.66,16.18,3.5,23.82,8.21,12.39,24.96,18.16,21.37,16.72,22.4,21.42,15.16,7.1,6.86,17.35,14.14,23.82,22.48,22.49,14.99,19.13,19.47,20.7,4.21,14.66,14.74,15.13,2.61,9.95,20.98,3.11,13.64
42,8.97,5.69,6.37,9.99,7.04,26.36,5.26,14.21,7.46,16.29,6.3,6.69,18.57,10.75,8.1,4.44,16.44,5.8,8.24,14.7,14.32,9.73,15.59,9.5,9.73,16.28,8.98,5.26,6.82,4.45,18.1,0.6,18.21,25.11,15.76,6.04,10.33,24.6,18.21,16.5,23.91,999.0,12.75,2.56,10.01,2.77,11.15,9.43,24.4,11.06,23.87,10.55,9.53,11.41,16.1,5.0,11.63,5.26,13.11,6.27,4.61,18.43,8.98,10.75,5.35,15.33,16.87,8.15,14.05,27.34,3.94,18.43,12.62,2.58,7.78,3.54,8.06,2.11,6.8,10.69,16.94,17.11,8.88,10.29,0.85,1.63,3.64,9.79,5.89,4.44,3.33,27.27,17.3,13.3,12.52,25.23,14.05,6.09,20.93,11.53
43,11.08,8.47,6.51,4.48,11.75,13.63,10.09,4.81,5.89,8.21,7.53,11.42,12.6,6.89,10.35,8.33,4.62,7.31,6.61,7.7,5.96,10.94,13.09,5.92,5.14,10.18,3.81,10.09,10.35,11.22,12.16,13.22,10.94,12.5,10.03,11.52,5.91,12.35,10.94,7.12,11.18,12.75,999.0,13.82,7.7,11.17,2.7,8.06,11.8,5.73,11.16,9.67,3.51,4.49,3.39,8.13,4.47,10.09,5.44,10.24,11.57,5.96,8.83,5.9,12.14,4.85,9.68,9.45,9.02,14.64,13.08,6.9,3.29,13.98,8.12,10.25,6.32,11.23,10.9,5.43,4.21,4.5,7.72,4.02,12.7,11.37,11.68,5.02,8.49,8.33,9.52,14.73,10.14,7.93,6.85,12.68,1.93,10.27,8.27,4.76
44,11.49,5.72,7.9,10.38,9.6,27.22,4.59,14.44,8.07,18.31,8.31,9.24,20.87,10.47,10.58,5.67,17.01,6.52,8.3,14.39,16.21,12.24,18.06,9.56,9.98,18.51,10.23,4.59,9.31,3.4,20.39,2.07,20.38,25.83,18.01,4.61,10.31,25.09,20.38,18.36,24.8,2.56,13.82,999.0,12.23,2.66,11.83,8.9,25.12,11.04,24.72,12.95,10.38,13.21,17.04,5.69,11.87,4.59,15.0,5.32,3.32,19.15,11.33,10.71,3.7,16.98,19.01,10.57,16.29,28.15,1.9,19.98,14.22,0.17,7.4,5.89,8.26,4.52,9.33,12.62,18.03,17.95,8.49,10.76,1.83,2.78,2.56,10.06,5.83,5.67,5.15,27.91,19.46,12.84,14.6,25.89,14.85,8.57,21.74,11.71
45,3.63,9.58,5.4,9.25,5.08,19.72,10.96,12.09,8.03,6.49,4.06,4.96,8.66,11.89,3.28,7.33,12.28,7.91,9.84,14.47,5.05,3.3,6.66,10.22,9.66,6.28,5.67,10.96,4.01,11.46,8.18,10.61,8.2,19.09,5.78,12.69,10.82,19.46,8.2,7.11,17.34,10.01,7.7,12.23,999.0,10.25,8.6,12.0,18.42,11.17,17.47,2.0,7.39,3.4,10.49,8.21,10.52,10.96,4.04,11.78,11.85,13.2,1.51,11.1,12.75,6.87,6.88,2.5,4.06,20.81,12.6,9.93,5.06,12.31,10.94,6.47,9.35,7.9,4.45,2.32,10.51,11.68,11.36,9.07,10.48,9.49,11.34,9.6,9.79,7.33,7.14,21.37,7.3,14.03,2.75,19.38,9.63,4.45,14.97,10.69
46,10.18,3.18,5.44,7.78,8.6,24.57,2.49,11.91,5.42,16.03,6.19,8.19,18.9,8.15,9.17,3.17,14.39,3.87,5.79,12.1,13.84,10.84,16.47,7.06,7.41,16.45,7.63,2.49,7.96,1.8,18.41,2.84,18.24,23.19,15.97,3.43,7.85,22.5,18.24,15.96,22.15,2.77,11.17,2.66,10.25,999.0,9.18,6.73,22.49,8.59,22.07,11.26,7.73,10.81,14.39,3.04,9.33,2.49,12.65,3.5,2.05,16.51,9.57,8.27,2.95,14.47,16.84,8.96,14.26,25.51,2.35,17.42,11.71,2.81,5.11,4.46,5.69,3.5,8.12,10.32,15.38,15.3,6.22,8.15,2.13,1.36,1.2,7.49,3.33,3.17,3.17,25.29,17.31,10.64,12.41,23.27,12.2,7.22,19.1,9.19
47,11.49,6.21,5.5,1.81,11.66,15.39,7.74,3.67,3.76,10.6,7.04,11.27,14.84,4.24,10.6,6.74,5.29,5.39,4.04,5.88,8.23,11.55,14.72,3.24,2.45,12.32,3.18,7.74,10.27,8.94,14.38,11.54,13.32,14.02,12.1,9.04,3.22,13.45,13.32,9.67,12.99,11.15,2.7,11.83,8.6,9.18,999.0,5.36,13.31,3.13,12.89,10.58,1.71,6.02,5.32,6.22,2.05,7.74,7.47,7.74,9.25,7.33,9.37,3.26,9.74,7.46,12.0,9.75,10.85,16.33,10.85,9.59,5.41,11.99,5.52,9.25,3.83,9.95,10.79,6.63,6.49,6.13,5.04,1.34,10.95,9.63,9.51,2.34,6.17,6.74,8.17,16.14,12.47,5.68,8.55,14.11,3.05,9.99,9.92,2.29
48,13.82,3.85,6.93,3.6,13.12,19.6,4.33,6.18,3.99,15.6,8.76,12.67,19.58,1.73,12.77,6.28,9.25,4.76,2.17,5.49,13.19,14.17,18.63,2.16,2.95,17.0,6.61,4.33,11.95,5.51,19.09,9.57,18.27,17.96,16.68,4.74,2.24,16.83,18.27,14.86,17.35,9.43,8.06,8.9,12.0,6.73,5.36,999.0,17.28,2.75,17.17,13.77,5.2,10.5,10.27,5.11,4.05,4.33,12.24,3.64,5.64,11.6,12.19,2.44,5.67,12.74,16.88,12.12,15.21,20.41,7.32,14.94,10.4,9.08,1.66,9.37,2.65,9.28,12.35,10.7,11.59,10.79,0.68,4.05,8.86,7.83,6.35,3.06,3.61,6.28,7.77,19.84,17.37,3.94,12.92,17.92,8.0,11.38,14.24,3.77
49,22.05,19.44,18.29,14.77,23.17,2.49,20.84,11.09,17.07,14.71,19.28,22.9,18.48,15.55,21.55,19.96,8.15,18.69,16.98,12.8,14.11,21.68,21.39,15.8,15.24,17.22,15.59,20.84,21.83,22.09,18.28,24.82,16.43,0.71,17.46,21.85,15.22,2.27,16.43,13.1,1.78,24.4,11.8,25.12,18.42,22.49,13.31,17.28,999.0,14.57,1.37,20.09,14.87,15.08,8.41,19.53,13.44,20.84,14.65,20.59,22.36,5.98,19.84,14.91,22.68,11.91,16.03,20.66,17.55,3.14,24.02,9.71,13.4,25.29,18.23,22.05,16.92,23.0,22.36,16.18,7.97,7.32,17.34,14.37,24.24,22.92,22.73,15.14,19.36,19.96,21.26,2.96,16.22,14.36,16.35,0.98,10.35,21.86,3.54,13.66
50,13.61,5.42,6.87,1.92,13.34,16.87,6.49,3.51,4.03,13.73,8.7,12.92,17.94,1.19,12.62,7.13,6.5,5.51,2.82,3.8,11.36,13.81,17.57,1.57,1.63,15.4,5.49,6.49,12.03,7.75,17.47,11.32,16.45,15.26,15.15,7.3,0.74,14.23,16.45,12.79,14.6,11.06,5.73,11.04,11.17,8.59,3.13,2.75,14.57,999.0,14.43,13.09,3.78,8.99,7.58,6.18,1.35,6.49,10.55,6.08,7.96,8.85,11.68,0.34,8.17,10.57,15.11,11.85,13.83,17.7,9.66,12.49,8.52,11.21,3.73,10.14,3.03,10.43,12.51,9.45,8.93,8.05,2.77,2.13,10.64,9.44,8.51,1.65,5.26,7.13,8.71,17.19,15.59,2.9,11.52,15.24,5.35,11.59,11.49,1.06
51,21.09,19.08,17.67,14.45,22.3,2.5,20.54,11.02,16.65,13.48,18.55,22.05,17.18,15.47,20.64,19.43,7.93,18.24,16.7,13.0,13.0,20.69,20.17,15.57,14.96,15.98,14.97,20.54,20.97,21.78,16.99,24.32,15.13,1.78,16.24,21.64,15.04,3.58,15.13,11.89,0.44,23.87,11.16,24.72,17.47,22.07,12.89,17.17,1.37,14.43,999.0,19.07,14.38,14.16,7.78,19.07,13.23,20.54,13.62,20.37,22.06,5.62,18.9,14.75,22.44,10.82,14.78,19.76,16.4,3.48,23.7,8.47,12.49,24.88,18.01,21.38,16.61,22.39,21.5,15.26,7.14,6.78,17.18,14.02,23.76,22.43,22.38,14.86,19.02,19.43,20.67,3.98,14.95,14.49,15.3,2.25,9.87,21.05,2.98,13.47
52,2.37,11.06,6.96,11.17,4.4,21.26,12.31,14.09,9.78,7.07,5.33,4.46,8.13,13.77,2.65,8.61,14.23,9.44,11.6,16.44,6.24,1.7,5.22,12.08,11.56,6.1,7.61,12.31,3.84,12.66,7.68,11.14,8.16,20.73,5.54,14.01,12.71,21.23,8.16,8.06,18.92,10.55,9.67,12.95,2.0,11.26,10.58,13.77,20.09,13.09,19.07,999.0,9.34,5.27,12.34,9.62,12.49,12.31,5.46,13.21,13.03,15.04,1.72,13.01,13.96,8.3,7.02,2.39,3.98,22.35,13.58,11.19,6.87,13.01,12.6,7.07,11.12,8.45,4.07,4.24,12.26,13.53,13.12,11.02,11.14,10.32,12.42,11.5,11.29,8.61,8.1,23.02,7.35,15.97,3.83,21.06,11.59,4.51,16.69,12.65
53,10.02,4.96,3.79,1.87,10.04,16.88,6.58,5.31,2.38,10.41,5.39,9.65,14.41,4.62,9.08,5.1,6.95,3.86,3.34,7.18,8.0,10.15,13.8,3.1,2.39,11.84,1.73,6.58,8.67,7.71,13.93,9.95,13.07,15.58,11.55,8.06,3.52,15.1,13.07,9.72,14.45,9.53,3.51,10.38,7.39,7.73,1.71,5.2,14.87,3.78,14.38,9.34,999.0,5.34,6.66,4.7,3.21,6.58,7.05,6.79,8.06,8.89,7.99,3.75,8.65,7.7,11.69,8.26,10.14,17.84,9.57,10.23,5.22,10.54,4.83,7.54,2.96,8.26,9.18,5.7,7.67,7.6,4.7,1.68,9.38,8.05,8.18,2.3,4.98,5.1,6.48,17.74,12.17,6.64,7.83,15.69,4.52,8.35,11.42,3.33
54,6.99,9.13,5.37,7.17,8.15,16.47,10.73,9.17,6.9,5.35,5.15,7.93,9.08,9.93,6.48,7.64,8.98,7.49,8.47,11.83,3.05,6.7,8.73,8.44,7.73,6.5,3.94,10.73,6.87,11.56,8.6,11.99,7.86,15.75,6.2,12.44,8.84,16.07,7.86,5.16,14.06,11.41,4.49,13.21,3.4,10.81,6.02,10.5,15.08,8.99,14.16,5.27,5.34,999.0,7.09,8.09,8.06,10.73,1.88,11.31,11.95,9.8,4.76,9.02,12.76,4.0,6.46,5.6,4.84,17.55,13.09,7.16,1.68,13.33,9.84,8.14,8.01,9.46,7.39,1.11,7.13,8.28,9.95,6.87,11.66,10.45,11.7,7.64,9.27,7.64,8.14,18.03,6.94,11.69,2.54,16.03,6.39,7.05,11.59,8.28
55,14.04,11.51,9.9,7.03,14.93,10.26,13.05,4.96,8.99,8.91,10.88,14.64,13.4,8.75,13.42,11.66,2.54,10.52,9.32,7.93,7.24,13.79,14.9,8.34,7.63,11.31,7.2,13.05,13.56,14.25,13.03,16.55,11.47,9.11,11.33,14.33,8.03,9.08,11.47,7.42,7.81,16.1,3.39,17.04,10.49,14.39,5.32,10.27,8.41,7.58,7.78,12.34,6.66,7.09,999.0,11.36,6.23,13.05,7.28,13.03,14.56,2.72,11.78,7.85,15.05,5.27,10.47,12.52,10.76,11.25,16.15,5.57,5.48,17.2,10.75,13.64,9.14,14.62,14.1,8.17,1.42,1.2,10.11,6.58,16.01,14.68,14.79,7.51,11.48,11.66,12.9,11.35,10.85,8.81,8.95,9.3,2.3,13.54,4.88,6.52
56,9.14,1.5,2.87,4.99,8.14,21.57,2.76,9.22,2.48,13.42,4.29,7.69,16.67,6.06,8.07,1.19,11.49,0.84,3.42,9.92,11.13,9.63,14.78,4.61,4.75,14.13,4.64,2.76,7.08,3.47,16.17,5.35,15.79,20.24,13.7,4.49,5.46,19.63,15.79,13.19,19.14,5.0,8.13,5.69,8.21,3.04,6.22,5.11,19.53,6.18,19.07,9.62,4.7,8.09,11.36,999.0,6.65,2.76,9.97,3.59,3.86,13.55,7.91,5.89,4.68,11.56,14.38,7.58,12.04,22.52,5.09,14.45,8.82,5.85,3.52,4.26,3.14,4.28,7.43,7.77,12.33,12.29,4.46,5.3,4.73,3.43,3.68,4.81,1.75,1.19,2.66,22.36,14.85,8.67,9.98,20.33,9.2,6.44,16.1,6.56
57,13.23,6.16,6.77,1.71,13.18,15.7,7.43,2.59,4.26,12.58,8.5,12.77,16.87,2.54,12.28,7.45,5.31,5.89,3.59,3.97,10.24,13.35,16.75,2.36,1.91,14.36,4.92,7.43,11.82,8.69,16.41,11.95,15.31,14.14,14.14,8.41,1.83,13.24,15.31,11.58,13.39,11.63,4.47,11.87,10.52,9.33,2.05,4.05,13.44,1.35,13.23,12.49,3.21,8.06,6.23,6.65,999.0,7.43,9.51,7.15,8.94,7.63,11.19,1.62,9.24,9.32,14.01,11.47,12.9,16.55,10.62,11.16,7.43,12.04,4.78,10.31,3.63,10.77,12.32,8.64,7.58,6.75,3.96,1.6,11.29,10.03,9.39,1.85,6.04,7.45,9.0,16.13,14.48,3.63,10.6,14.15,4.0,11.46,10.28,0.3
58,11.64,1.65,5.62,6.09,10.37,23.03,0.0,9.95,4.23,16.09,6.99,9.93,19.42,5.88,10.59,3.7,12.69,3.24,3.86,9.8,13.76,12.2,17.5,5.07,5.6,16.88,7.04,0.0,9.49,1.26,18.92,5.31,18.5,21.54,16.45,1.74,5.77,20.66,18.5,15.76,20.66,5.26,10.09,4.59,10.96,2.49,7.74,4.33,20.84,6.49,20.54,12.31,6.58,10.73,13.05,2.76,7.43,999.0,12.61,1.08,1.52,14.93,10.6,6.16,2.08,14.0,17.09,10.19,14.79,23.92,3.19,16.75,11.3,4.76,2.81,6.23,3.94,5.64,9.76,10.49,14.18,13.84,3.9,6.52,4.6,3.76,2.03,5.69,1.6,3.7,4.64,23.55,17.57,8.27,12.72,21.57,10.78,8.79,17.56,7.24
59,7.58,11.01,7.21,8.81,9.11,15.8,12.61,10.26,8.74,3.48,6.81,8.96,7.39,11.56,7.31,9.48,9.5,9.37,10.26,13.09,1.21,7.1,7.72,10.14,9.41,4.85,5.77,12.61,7.96,13.43,6.92,13.7,6.04,15.29,4.64,14.32,10.47,15.89,6.04,3.38,13.46,13.11,5.44,15.0,4.04,12.65,7.47,12.24,14.65,10.55,13.62,5.46,7.05,1.88,7.28,9.97,9.51,12.61,999.0,13.18,13.82,9.88,5.54,10.61,14.63,2.85,4.64,6.51,3.6,16.89,14.94,5.9,2.15,15.12,11.67,9.74,9.82,11.1,8.43,2.43,6.95,8.41,11.72,8.47,13.41,12.23,13.56,9.31,11.15,9.48,9.89,17.57,5.13,13.13,1.72,15.63,7.17,8.28,11.3,9.76
60,12.64,2.22,6.39,6.0,11.42,22.84,1.08,9.58,4.54,16.66,7.88,10.98,20.13,5.3,11.57,4.64,12.46,3.91,3.72,9.13,14.3,13.17,18.37,4.8,5.43,17.57,7.49,1.08,10.51,1.94,19.64,6.27,19.13,21.29,17.17,1.29,5.39,20.31,19.13,16.24,20.51,6.27,10.24,5.32,11.78,3.5,7.74,3.64,20.59,6.08,20.37,13.21,6.79,11.31,13.03,3.59,7.15,1.08,13.18,999.0,2.01,14.75,11.5,5.74,2.09,14.38,17.72,11.14,15.53,23.7,3.68,17.02,11.74,5.49,2.37,7.29,3.92,6.72,10.79,11.15,14.23,13.75,3.34,6.46,5.57,4.81,2.82,5.54,2.05,4.64,5.69,23.25,18.2,7.55,13.4,21.29,10.74,9.82,17.4,6.93
61,12.11,3.09,6.68,7.62,10.62,24.55,1.52,11.44,5.69,17.28,7.79,10.19,20.43,7.27,11.08,4.52,14.21,4.51,5.38,11.14,14.99,12.74,18.25,6.57,7.12,17.92,8.39,1.52,9.91,0.39,19.93,4.5,19.62,23.06,17.47,1.44,7.25,22.16,19.62,17.04,22.18,4.61,11.57,3.32,11.85,2.05,9.25,5.64,22.36,7.96,22.06,13.03,8.06,11.95,14.56,3.86,8.94,1.52,13.82,2.01,999.0,16.45,11.32,7.62,0.94,15.35,18.21,10.79,15.78,25.44,1.7,18.16,12.63,3.49,4.24,6.45,5.46,5.55,10.1,11.61,15.68,15.36,5.29,8.05,3.82,3.4,0.96,7.21,3.09,4.52,5.02,25.06,18.68,9.56,13.8,23.08,12.3,9.17,19.08,8.74
62,16.76,13.49,12.38,8.84,17.63,8.1,14.93,5.54,11.1,11.09,13.49,17.33,15.48,9.93,16.13,13.99,2.36,12.71,11.08,7.97,9.7,16.5,17.37,9.95,9.34,13.58,9.7,14.93,16.25,16.17,15.15,18.85,13.46,6.69,13.67,16.02,9.45,6.39,13.46,9.51,5.76,18.43,5.96,19.15,13.2,16.51,7.33,11.6,5.98,8.85,5.62,15.04,8.89,9.8,2.72,13.55,7.63,14.93,9.88,14.75,16.45,999.0,14.5,9.17,16.82,7.59,12.62,15.23,13.26,9.0,18.1,6.9,8.18,19.32,12.39,16.17,11.0,17.07,16.79,10.89,3.05,1.52,11.58,8.42,18.27,16.94,16.79,9.24,13.42,13.99,15.31,8.85,12.95,9.26,11.58,6.8,4.38,16.21,2.65,7.87
63,2.26,9.37,5.31,9.77,3.58,21.18,10.6,12.98,8.2,7.89,3.63,3.47,9.6,12.29,1.77,6.9,13.45,7.76,10.02,15.16,6.55,2.18,6.93,10.58,10.11,7.38,6.27,10.6,2.57,10.94,9.13,9.58,9.38,20.5,6.84,12.29,11.26,20.81,9.38,8.59,18.79,8.98,8.83,11.33,1.51,9.57,9.37,12.19,19.84,11.68,18.9,1.72,7.99,4.76,11.78,7.91,11.19,10.6,5.54,11.5,11.32,14.5,999.0,11.58,12.25,8.37,8.13,1.01,5.16,22.27,11.89,11.44,6.44,11.39,10.96,5.45,9.54,6.87,2.97,3.65,11.89,12.98,11.52,9.66,9.53,8.66,10.71,10.06,9.59,6.9,6.4,22.79,8.52,14.58,4.21,20.79,10.75,3.1,16.36,11.32
64,13.48,5.1,6.7,1.87,13.16,17.2,6.16,3.85,3.81,13.83,8.53,12.73,18.0,0.99,12.48,6.87,6.83,5.24,2.51,4.05,11.45,13.7,17.55,1.28,1.48,15.46,5.44,6.16,11.86,7.41,17.53,11.01,16.54,15.59,15.2,6.96,0.43,14.57,16.54,12.93,14.93,10.75,5.9,10.71,11.1,8.27,3.26,2.44,14.91,0.34,14.75,13.01,3.75,9.02,7.85,5.89,1.62,6.16,10.61,5.74,7.62,9.17,11.58,999.0,7.83,10.72,15.2,11.72,13.85,18.03,9.32,12.7,8.61,10.88,3.39,9.9,2.75,10.15,12.33,9.44,9.19,8.35,2.44,2.15,10.32,9.13,8.17,1.52,4.93,6.87,8.45,17.52,15.68,3.03,11.54,15.58,5.61,11.41,11.82,1.33
65,13.05,3.73,7.53,8.04,11.54,24.92,2.08,11.68,6.31,18.1,8.71,11.12,21.31,7.37,12.02,5.42,14.54,5.28,5.76,11.12,15.79,13.67,19.18,6.88,7.49,18.79,9.11,2.08,10.84,1.3,20.82,5.17,20.47,23.38,18.35,0.97,7.48,22.4,20.47,17.82,22.58,5.35,12.14,3.7,12.75,2.95,9.74,5.67,22.68,8.17,22.44,13.96,8.65,12.76,15.05,4.68,9.24,2.08,14.63,2.09,0.94,16.82,12.25,7.83,999.0,16.08,19.06,11.73,16.67,25.79,1.83,18.83,13.37,3.85,4.46,7.38,5.91,6.44,11.03,12.46,16.21,15.79,5.42,8.48,4.53,4.27,1.78,7.6,3.68,5.42,5.95,25.35,19.53,9.5,14.66,23.38,12.76,10.1,19.47,9.02
66,10.44,12.35,9.08,9.14,11.91,12.96,14.0,9.32,9.84,3.66,9.13,11.75,8.17,11.7,10.14,11.32,7.75,10.85,11.03,12.34,2.21,9.95,9.8,10.58,9.79,6.04,6.96,14.0,10.72,14.98,7.78,15.88,6.31,12.52,6.09,15.61,10.68,13.27,6.31,2.31,10.65,15.33,4.85,16.98,6.87,14.47,7.46,12.74,11.91,10.57,10.82,8.3,7.7,4.0,5.27,11.56,9.32,14.0,2.85,14.38,15.35,7.59,8.37,10.72,16.08,999.0,5.22,9.31,5.75,14.06,16.65,3.17,2.75,17.11,12.53,12.12,10.66,13.42,11.21,4.96,4.54,6.25,12.32,8.71,15.52,14.26,15.24,9.68,12.43,11.32,12.02,14.79,5.62,12.74,4.48,12.88,6.0,10.97,8.65,9.61
67,9.35,15.52,11.53,13.43,11.41,16.5,17.09,14.4,13.35,1.56,10.71,11.44,2.96,16.16,9.61,13.74,12.97,13.85,14.9,17.36,3.76,8.59,5.53,14.78,14.03,1.28,10.39,17.09,10.67,17.82,2.56,17.47,1.41,16.56,1.74,18.81,15.08,17.73,1.41,3.12,14.5,16.87,9.68,19.01,6.88,16.84,12.0,16.88,16.03,15.11,14.78,7.02,11.69,6.46,10.47,14.38,14.01,17.09,4.64,17.72,18.21,12.62,8.13,15.2,19.06,5.22,999.0,9.11,3.04,17.58,19.18,6.33,6.59,19.11,16.3,13.34,14.46,14.77,11.0,6.6,9.6,11.39,16.36,13.06,17.3,16.24,17.85,13.93,15.68,13.74,13.87,18.7,0.49,17.58,4.43,17.0,11.12,11.23,13.2,14.27
68,1.76,9.07,5.2,9.96,2.6,22.06,10.19,13.39,8.17,8.9,3.38,2.47,10.48,12.37,0.9,6.5,14.06,7.54,9.98,15.43,7.54,2.06,7.53,10.65,10.24,8.32,6.58,10.19,1.57,10.43,10.02,8.75,10.34,21.34,7.78,11.85,11.37,21.58,10.34,9.6,19.66,8.15,9.45,10.57,2.5,8.96,9.75,12.12,20.66,11.85,19.76,2.39,8.26,5.6,12.52,7.58,11.47,10.19,6.51,11.14,10.79,15.23,1.01,11.72,11.73,9.31,9.11,999.0,6.12,23.14,11.25,12.41,7.27,10.62,10.8,4.68,9.52,6.06,1.96,4.5,12.7,13.71,11.45,9.9,8.75,7.96,10.13,10.21,9.31,6.5,5.8,23.62,9.49,14.74,5.22,21.61,11.35,2.15,17.16,11.58
69,6.32,13.31,9.17,11.99,8.37,18.38,14.79,13.82,11.41,3.3,8.07,8.41,4.64,14.75,6.58,11.27,13.06,11.62,13.11,16.6,3.57,5.57,4.14,13.21,12.53,2.23,8.6,14.79,7.67,15.39,4.15,14.65,4.23,18.14,1.72,16.53,13.65,19.0,4.23,4.63,16.18,14.05,9.02,16.29,4.06,14.26,10.85,15.21,17.55,13.83,16.4,3.98,10.14,4.84,10.76,12.04,12.9,14.79,3.6,15.53,15.78,13.26,5.16,13.85,16.67,5.75,3.04,6.12,999.0,19.47,16.62,8.05,5.73,16.37,14.38,10.5,12.64,11.93,7.98,4.51,10.24,11.85,14.62,11.7,14.53,13.54,15.33,12.44,13.5,11.27,11.19,20.38,3.39,16.52,2.31,18.53,10.77,8.25,14.39,13.12
70,24.43,22.49,21.14,17.84,25.7,1.1,23.92,14.23,20.09,16.4,22.02,25.46,19.74,18.69,24.02,22.9,11.24,21.69,20.07,15.92,16.19,23.99,23.07,18.91,18.32,18.82,18.45,23.92,24.39,25.16,19.61,27.78,17.75,2.5,19.14,24.96,18.34,4.45,17.75,14.87,3.5,27.34,14.64,28.15,20.81,25.51,16.33,20.41,3.14,17.7,3.48,22.35,17.84,17.55,11.25,22.52,16.55,23.92,16.89,23.7,25.44,9.0,22.27,18.03,25.79,14.06,17.58,23.14,19.47,999.0,27.1,11.43,15.89,28.32,21.34,24.86,20.0,25.87,24.92,18.65,10.6,10.24,20.47,17.42,27.22,25.89,25.79,18.23,22.42,22.9,24.15,1.96,17.69,17.49,18.54,2.7,13.32,24.48,6.42,16.78
71,12.38,4.64,7.73,9.26,10.67,26.2,3.19,13.13,7.2,18.35,8.55,10.28,21.25,8.96,11.4,5.46,15.87,5.85,7.05,12.81,16.13,13.08,18.77,8.26,8.78,18.8,9.73,3.19,10.17,1.93,20.76,3.63,20.58,24.72,18.33,2.78,8.94,23.85,20.58,18.23,23.82,3.94,13.08,1.9,12.6,2.35,10.85,7.32,24.02,9.66,23.7,13.58,9.57,13.09,16.15,5.09,10.62,3.19,14.94,3.68,1.7,18.1,11.89,9.32,1.83,16.65,19.18,11.25,16.62,27.1,999.0,19.54,13.91,2.04,5.94,6.64,7.1,5.47,10.27,12.64,17.23,16.98,6.99,9.68,3.1,3.32,1.41,8.88,4.68,5.46,5.49,26.74,19.65,11.22,14.75,24.75,13.9,9.41,20.72,10.43
72,13.43,15.1,12.12,11.38,15.01,10.34,16.75,10.44,12.52,5.01,12.27,14.86,8.91,13.68,13.21,14.32,8.01,13.7,13.48,13.46,4.96,12.88,11.71,12.82,12.04,7.51,9.81,16.75,13.85,17.79,8.66,18.97,6.85,10.24,7.77,18.28,12.76,11.42,6.85,3.44,8.21,18.43,6.9,19.98,9.93,17.42,9.59,14.94,9.71,12.49,8.47,11.19,10.23,7.16,5.57,14.45,11.16,16.75,5.9,17.02,18.16,6.9,11.44,12.7,18.83,3.17,6.33,12.41,8.05,11.43,19.54,999.0,5.81,20.12,14.99,15.27,13.16,16.55,14.33,8.12,4.25,6.05,14.62,10.92,18.58,17.3,18.13,11.92,15.15,14.32,15.11,12.42,6.54,14.21,7.37,10.67,7.29,14.12,6.96,11.46
