,1,2,3,4,5,6,7,8,9,10,11,12,13,14,15,16,17,18,19,20,21,22,23,24,25,26,27,28,29,30,31,32,33,34,35,36,37,38,39,40,41,42,43,44,45,46,47,48,49,50,51,52,53,54,55,56,57,58,59,60,61,62,63,64,65,66,67,68,69,70,71,72,73,74,75,76,77,78,79,80,81,82,83,84,85,86,87,88,89,90,91,92,93,94,95,96,97,98,99,100
1,999.0,11.37,12.68,19.85,15.63,20.18,12.78,20.63,23.36,21.07,15.08,23.73,16.49,21.06,16.56,4.15,19.37,10.81,9.91,18.92,2.62,20.19,19.08,20.79,18.4,14.36,26.06,24.33,9.3,19.16,22.83,10.67,20.8,1.89,17.18,22.93,0.33,11.19,20.98,19.67,19.13,19.23,19.93,23.12,2.7,17.67,0.98,19.16,24.88,22.08,6.8,25.12,8.95,11.16,7.88,17.67,19.49,17.38,8.89,16.48,25.23,5.24,21.11,21.9,25.64,20.74,24.62,18.34,11.74,17.71,23.54,21.3,14.2,16.51,18.87,12.66,15.68,21.63,21.1,24.16,19.64,18.25,19.16,18.12,22.11,19.38,13.67,17.87,17.15,20.45,21.57,24.31,22.64,20.43,19.16,15.52,6.61,22.77,24.99,3.2
2,11.37,999.0,1.37,8.73,6.38,8.88,7.33,10.07,12.56,13.47,6.69,12.53,5.44,10.93,5.38,7.48,9.24,6.22,2.9,8.77,9.58,9.4,8.9,9.52,7.11,4.85,15.05,13.08,2.15,7.8,12.52,6.62,10.22,11.0,10.73,11.57,11.65,0.82,9.88,8.92,7.88,12.84,11.39,12.24,13.39,7.08,10.5,7.8,14.02,11.06,4.61,14.18,3.33,0.64,6.47,7.08,8.38,11.48,3.3,6.35,13.95,6.13,9.75,11.5,14.41,11.25,13.44,7.84,4.13,7.3,31.4,10.16,4.11,6.43,7.51,3.44,8.77,10.95,12.75,13.06,8.39,10.99,7.8,7.93,10.77,8.98,2.3,6.86,6.99,9.1,10.96,13.35,12.25,12.24,7.8,5.04,4.93,12.18,14.3,9.67
3,12.68,1.37,999.0,7.36,5.44,7.53,7.98,8.75,11.21,12.58,5.96,11.37,4.09,9.67,4.01,8.73,8.57,6.46,4.09,8.12,10.81,8.47,8.23,8.33,5.76,4.76,13.98,11.72,3.39,6.51,11.71,6.9,9.37,12.35,10.14,10.25,12.97,1.93,8.79,7.58,6.73,12.16,10.39,10.88,14.64,6.32,11.8,6.51,13.0,10.0,5.96,12.82,4.64,1.82,7.27,6.32,7.31,10.94,4.62,5.84,12.75,7.44,8.49,10.19,13.22,10.09,12.3,7.09,4.81,6.61,32.2,9.07,3.88,5.92,6.22,3.76,8.21,10.05,11.75,11.96,7.24,10.24,6.51,7.3,9.52,7.7,1.15,5.89,6.42,7.84,10.09,12.3,10.94,11.28,6.51,4.48,6.17,11.29,13.35,10.85
4,19.85,8.73,7.36,999.0,5.72,1.37,13.57,2.55,4.04,9.7,6.91,6.84,3.36,4.05,3.35,15.76,8.75,10.97,11.23,8.57,17.73,7.02,8.55,4.66,1.91,9.16,9.7,4.55,10.6,2.92,10.0,11.4,8.04,19.67,9.85,4.03,20.15,9.2,5.91,1.58,4.53,10.86,7.25,3.62,21.56,7.17,18.92,2.92,9.41,6.85,13.28,5.48,11.93,9.14,13.19,7.17,5.39,10.77,11.92,8.17,7.5,14.66,3.68,3.83,8.09,5.52,7.67,7.48,11.04,7.64,36.95,5.89,8.41,8.25,2.98,9.6,8.79,8.09,8.22,7.79,4.6,8.93,2.92,8.24,4.48,2.69,6.66,5.82,8.16,3.48,8.32,8.58,4.41,8.18,2.92,7.54,13.24,9.06,10.18,17.64
5,15.63,6.38,5.44,5.72,999.0,6.81,13.41,5.31,8.1,7.14,1.21,12.23,3.68,5.46,4.22,11.49,12.03,5.52,9.27,11.67,13.22,11.01,11.73,9.48,5.57,9.76,15.12,10.02,7.28,7.21,14.39,5.9,12.08,15.89,5.13,9.74,15.95,7.17,10.51,4.73,8.47,6.92,5.02,8.0,16.89,9.82,14.65,7.21,14.59,11.68,9.88,9.96,9.55,7.0,8.15,9.82,9.37,6.04,9.5,10.04,13.11,10.84,8.91,6.38,13.7,5.19,13.12,10.47,10.26,10.26,31.23,10.63,8.82,10.14,7.03,9.14,3.48,12.46,6.37,13.1,8.83,4.91,7.21,11.0,9.89,4.04,5.73,8.74,10.41,8.45,12.61,13.76,7.1,5.86,7.21,8.81,9.27,13.63,15.22,12.96
6,20.18,8.88,7.53,1.37,6.81,999.0,12.99,3.82,4.69,11.07,8.02,5.53,3.87,5.33,3.66,16.15,7.57,11.83,11.15,7.42,18.18,5.74,7.4,3.3,1.78,8.57,8.41,4.21,10.88,1.86,8.64,12.27,6.74,19.88,11.16,3.0,20.48,9.24,4.56,2.95,3.38,12.22,8.62,4.2,22.02,6.18,19.28,1.86,8.07,5.48,13.49,5.79,11.93,9.21,13.86,6.18,4.17,12.09,11.93,7.32,6.3,14.95,2.31,4.96,6.89,6.86,6.38,6.41,10.69,6.64,37.96,4.53,7.91,7.39,2.02,9.24,10.02,6.75,9.57,6.46,3.36,10.28,1.86,7.18,3.16,4.06,6.66,4.85,7.22,2.13,6.99,7.23,5.44,9.55,1.86,6.88,13.6,7.69,8.82,18.14
7,12.78,7.33,7.98,13.57,13.41,12.99,999.0,15.7,17.58,20.54,13.92,13.77,11.14,16.93,10.76,10.69,8.05,13.15,5.02,7.71,12.43,9.71,7.86,11.58,11.65,4.43,15.26,16.84,7.91,11.22,11.21,13.48,9.81,11.38,18.04,14.59,12.92,6.52,11.08,14.45,10.17,20.12,18.28,17.13,15.43,7.47,12.33,11.22,13.89,11.78,7.72,18.77,5.56,6.71,12.27,7.47,9.96,18.8,5.66,6.03,15.39,9.05,12.5,17.17,15.61,17.7,14.46,7.79,3.2,7.2,35.77,11.42,5.17,6.0,11.0,4.3,16.09,10.67,19.62,13.79,10.54,18.21,11.22,7.18,13.16,14.94,7.77,8.48,6.47,11.94,10.5,13.57,17.85,19.2,11.22,6.11,9.16,11.52,13.68,12.93
8,20.63,10.07,8.75,2.55,5.31,3.82,15.7,999.0,2.79,7.38,6.3,8.92,4.73,1.51,4.99,16.48,11.3,10.83,12.81,11.11,18.33,9.55,11.1,7.11,4.24,11.36,11.67,5.08,11.66,5.46,12.44,11.21,10.56,20.67,8.23,5.73,20.95,10.67,8.38,1.26,7.08,8.85,5.03,2.7,22.08,9.66,19.67,5.46,11.58,9.23,14.38,4.64,13.38,10.57,13.41,9.66,7.94,9.09,13.36,10.58,9.26,15.6,6.03,1.48,9.86,3.09,9.65,10.02,12.96,10.14,36.14,8.32,10.55,10.67,5.51,11.56,7.61,10.57,5.83,9.9,7.14,7.09,5.46,10.76,6.65,1.28,8.31,8.32,10.63,5.95,10.81,10.75,2.2,5.9,5.46,9.83,14.08,11.47,12.41,18.14
9,23.36,12.56,11.21,4.04,8.1,4.69,17.58,2.79,999.0,8.74,9.06,8.28,7.12,3.15,7.26,19.21,12.07,13.62,15.18,11.98,21.09,10.08,11.93,7.43,5.94,13.16,10.68,3.19,14.28,6.55,12.43,13.99,10.95,23.34,10.5,4.97,23.67,13.1,8.65,3.7,8.0,10.69,6.82,0.52,24.86,10.86,22.41,6.55,10.92,9.18,17.0,1.86,15.84,13.02,16.2,10.86,8.69,11.29,15.82,12.0,8.11,18.27,6.22,2.04,8.68,4.68,8.79,11.03,15.07,11.31,38.69,8.48,12.43,12.08,6.71,13.64,10.17,10.74,7.15,9.24,7.88,9.21,6.55,11.81,6.41,4.08,10.62,9.54,11.9,6.42,11.0,10.16,1.73,7.46,6.55,11.51,16.78,11.39,11.83,20.91
10,21.07,13.47,12.58,9.7,7.14,11.07,20.54,7.38,8.74,999.0,6.84,16.3,9.95,6.0,10.48,17.18,18.1,10.28,16.33,17.83,18.47,16.6,17.85,14.36,10.85,16.74,19.01,11.88,14.05,12.42,19.69,10.4,17.66,21.77,3.98,13.06,21.4,14.28,15.6,8.12,14.01,2.54,2.5,9.06,21.67,16.13,20.11,12.42,18.96,16.54,16.41,10.15,16.51,14.11,13.2,16.13,14.92,4.14,16.45,16.68,16.54,17.0,13.35,6.88,17.13,4.31,17.0,16.65,17.4,16.61,31.4,15.59,15.81,16.78,12.38,16.26,5.43,17.78,1.6,17.28,14.18,2.83,12.42,17.31,14.03,7.04,12.81,14.86,16.92,13.18,18.0,18.13,7.01,1.53,12.42,15.59,15.46,18.76,19.78,18.01
11,15.08,6.69,5.96,6.91,1.21,8.02,13.92,6.3,9.06,6.84,999.0,13.44,4.82,6.24,5.35,10.98,13.08,4.62,9.52,12.71,12.6,12.14,12.77,10.67,6.77,10.5,16.32,11.14,7.24,8.4,15.53,4.96,13.21,15.48,4.24,10.93,15.41,7.51,11.69,5.84,9.63,6.21,5.02,9.0,16.19,10.84,14.11,8.4,15.78,12.87,9.7,10.93,9.68,7.33,7.4,10.84,10.52,5.1,9.61,10.97,14.32,10.5,10.11,7.24,14.9,5.67,14.33,11.52,10.73,11.27,30.06,11.82,9.57,11.07,8.22,9.72,2.41,13.61,6.33,14.31,10.0,4.3,8.4,12.01,11.1,5.05,6.44,9.82,11.38,9.65,13.76,14.96,7.92,5.74,8.4,9.69,8.92,14.8,16.41,12.29
12,23.73,12.53,11.37,6.84,12.23,5.53,13.77,8.92,8.28,16.3,13.44,999.0,8.85,10.32,8.43,20.0,5.95,16.85,13.93,6.17,22.1,4.06,6.04,3.05,6.7,9.93,2.89,5.44,14.68,5.19,4.55,17.3,4.19,23.06,16.69,3.33,24.0,12.57,2.81,8.36,4.65,17.66,13.94,7.79,25.89,6.44,22.92,5.19,2.68,2.01,16.94,8.09,14.86,12.62,18.46,6.44,4.25,17.61,14.91,7.87,1.63,18.56,3.32,9.59,1.92,11.99,0.93,6.0,12.62,6.62,43.09,2.47,9.75,7.88,5.43,11.35,15.53,3.49,14.74,0.99,4.14,15.77,5.19,6.6,2.37,9.49,10.26,5.9,7.33,3.83,3.76,1.88,9.76,14.82,5.19,8.4,17.46,3.52,3.56,22.19
13,16.49,5.44,4.09,3.36,3.68,3.87,11.14,4.73,7.12,9.95,4.82,8.85,999.0,5.81,0.56,12.4,8.42,8.05,8.1,8.08,14.39,7.33,8.13,5.94,2.2,6.96,11.7,7.88,7.25,3.68,10.71,8.5,8.4,16.32,8.72,6.84,16.79,5.99,6.89,3.52,4.81,10.31,7.5,6.8,18.22,6.28,15.56,3.68,11.05,8.09,9.94,8.75,8.72,5.9,9.99,6.28,5.7,9.65,8.7,6.73,9.92,11.3,5.56,6.19,10.47,6.58,9.77,6.88,8.28,6.74,34.27,7.04,6.08,6.83,3.46,6.91,7.15,8.8,8.77,9.65,5.19,8.26,3.68,7.47,6.61,3.81,3.59,5.12,6.99,5.01,8.94,10.24,6.92,8.47,3.68,5.66,9.88,9.98,11.64,14.32
14,21.06,10.93,9.67,4.05,5.46,5.33,16.93,1.51,3.15,6.0,6.24,10.32,5.81,999.0,6.16,16.91,12.8,10.86,13.75,12.6,18.68,11.06,12.59,8.61,5.67,12.65,13.01,6.04,12.34,6.96,13.94,11.19,12.07,21.23,7.35,7.07,21.38,11.59,9.88,2.63,8.58,7.68,3.79,3.3,22.35,11.12,20.09,6.96,12.99,10.71,15.04,4.93,14.26,11.47,13.59,11.12,9.44,8.16,14.23,11.99,10.55,16.15,7.52,1.11,11.14,1.7,11.01,11.49,14.09,11.6,35.57,9.82,11.8,12.08,7.0,12.72,7.07,12.07,4.42,11.31,8.65,6.09,6.96,12.23,8.1,2.0,9.36,9.78,12.06,7.45,12.31,12.17,1.7,4.57,6.96,11.17,14.61,12.96,13.84,18.42
15,16.56,5.38,4.01,3.35,4.22,3.66,10.76,4.99,7.26,10.48,5.35,8.43,0.56,6.16,999.0,12.51,7.86,8.43,7.93,7.52,14.53,6.79,7.57,5.48,1.91,6.52,11.26,7.77,7.28,3.24,10.18,8.89,7.86,16.33,9.28,6.58,16.86,5.86,6.39,3.75,4.29,10.86,8.02,6.9,18.36,5.73,15.65,3.24,10.58,7.59,9.94,8.82,8.59,5.79,10.26,5.73,5.17,10.2,8.59,6.2,9.55,11.35,5.18,6.47,10.09,7.03,9.35,6.32,7.97,6.19,34.67,6.55,5.65,6.3,3.0,6.57,7.7,8.26,9.28,9.21,4.69,8.81,3.24,6.92,6.23,4.18,3.37,4.56,6.45,4.6,8.41,9.77,7.18,8.99,3.24,5.17,9.97,9.45,11.15,14.48
16,4.15,7.48,8.73,15.76,11.49,16.15,10.69,16.48,19.21,17.18,10.98,20.0,12.4,16.91,12.51,999.0,16.13,6.91,6.66,15.66,2.1,16.68,15.81,17.0,14.38,11.15,22.46,20.27,5.35,15.24,19.55,6.85,17.39,4.58,13.38,18.97,4.48,7.45,17.31,15.53,15.35,15.51,15.89,18.98,5.91,14.22,3.19,15.24,21.36,18.46,3.28,20.98,5.72,7.39,4.08,14.22,15.81,13.69,5.64,13.17,21.44,1.68,17.22,17.74,21.88,16.63,20.91,14.93,8.8,14.32,25.12,17.61,10.81,13.22,14.95,9.4,11.75,18.18,17.11,20.5,15.87,14.35,15.24,14.83,18.24,15.23,9.78,14.23,13.84,16.57,18.15,20.73,18.49,16.45,15.24,12.06,2.56,19.37,21.56,2.34
17,19.37,9.24,8.57,8.75,12.03,7.57,8.05,11.3,12.07,18.1,13.08,5.95,8.42,12.8,7.86,16.13,999.0,14.99,9.52,0.47,18.19,2.1,0.34,4.71,7.27,5.02,7.21,10.22,11.22,5.84,3.45,15.44,1.79,18.39,17.13,7.74,19.6,8.92,3.68,10.22,4.22,18.71,15.6,11.55,21.8,2.29,18.68,5.84,5.85,3.95,12.86,12.66,10.49,9.04,15.7,2.29,3.41,18.05,10.55,2.96,7.54,14.51,5.91,12.53,7.67,14.17,6.52,1.57,7.67,1.96,40.63,3.97,5.33,2.91,5.81,6.75,15.48,2.63,16.74,5.81,4.22,16.66,5.84,1.31,6.11,11.17,7.48,3.3,2.29,5.64,2.45,5.52,13.01,16.58,5.84,4.19,13.77,3.51,5.73,18.45
18,10.81,6.22,6.46,10.97,5.52,11.83,13.15,10.83,13.62,10.28,4.62,16.85,8.05,10.86,8.43,6.91,14.99,999.0,8.15,14.55,8.24,14.64,14.65,13.86,10.25,11.04,19.66,15.44,5.26,11.66,17.99,0.46,15.61,11.49,6.49,14.83,11.14,6.9,14.63,10.2,12.48,8.64,9.16,13.52,11.67,12.71,9.84,11.66,18.89,15.86,6.74,15.48,7.83,6.71,2.94,12.71,13.24,6.85,7.74,12.3,17.97,6.92,13.6,11.85,18.52,10.21,17.78,13.47,10.09,13.03,26.24,14.84,10.25,12.39,11.41,9.65,4.86,16.21,10.3,17.6,12.94,7.45,11.66,13.73,14.65,9.56,7.51,12.07,12.88,13.03,16.29,18.11,12.54,9.62,11.66,10.94,5.48,17.45,19.36,7.84
19,9.91,2.9,4.09,11.23,9.27,11.15,5.02,12.81,15.18,16.33,9.52,13.93,8.1,13.75,7.93,6.66,9.52,8.15,999.0,9.06,8.7,10.29,9.21,11.09,9.46,4.51,16.16,15.35,2.9,9.77,12.97,8.47,10.89,9.13,13.43,13.56,10.15,2.17,11.14,11.62,9.43,15.57,14.29,14.82,12.28,7.76,9.18,9.77,14.97,12.21,3.38,16.71,0.97,2.3,7.34,7.76,9.68,14.11,1.04,6.58,15.47,5.02,11.59,14.26,15.85,14.14,14.8,8.43,2.24,7.8,31.61,11.47,4.29,6.62,9.49,2.77,11.47,11.72,15.64,14.3,9.93,13.79,9.77,8.24,12.52,11.78,4.57,8.03,7.26,10.94,11.66,14.41,15.0,15.13,9.77,5.62,4.53,12.86,15.08,9.01
20,18.92,8.77,8.12,8.57,11.67,7.42,7.71,11.11,11.98,17.83,12.71,6.17,8.08,12.6,7.52,15.66,0.47,14.55,9.06,999.0,17.73,2.19,0.16,4.7,7.02,4.56,7.57,10.24,10.75,5.65,3.91,14.99,2.1,17.95,16.78,7.77,19.15,8.45,3.75,10.0,4.05,18.38,15.33,11.47,21.34,1.88,18.23,5.65,6.23,4.16,12.39,12.64,10.03,8.57,15.24,1.88,3.29,17.7,10.1,2.5,7.78,14.05,5.88,12.37,7.93,13.94,6.78,1.2,7.22,1.51,40.17,4.06,4.86,2.44,5.6,6.29,15.11,2.96,16.49,6.09,4.1,16.33,5.65,0.85,6.16,10.94,7.04,2.98,1.82,5.56,2.81,5.86,12.87,16.31,5.65,3.73,13.3,3.92,6.15,17.99
21,2.62,9.58,10.81,17.73,13.22,18.18,12.43,18.33,21.09,18.47,12.6,22.1,14.39,18.68,14.53,2.1,18.19,8.24,8.7,17.73,999.0,18.78,17.88,19.09,16.41,13.2,24.56,22.27,7.43,17.31,21.63,8.08,19.48,3.84,14.57,21.02,2.95,9.55,19.41,17.44,17.45,16.61,17.38,20.89,3.84,16.31,1.7,17.31,23.46,20.56,5.34,22.89,7.74,9.49,5.3,16.31,17.91,14.76,7.67,15.24,23.53,3.69,19.3,19.55,23.98,18.28,23.01,17.02,10.78,16.41,23.35,19.71,12.89,15.29,17.02,11.46,13.09,20.28,18.54,22.6,17.97,15.65,17.31,16.9,20.33,17.07,11.87,16.33,15.92,18.65,20.24,22.83,20.29,17.86,17.31,14.15,4.65,21.46,23.65,0.74
22,20.19,9.4,8.47,7.02,11.01,5.74,9.71,9.55,10.08,16.6,12.14,4.06,7.33,11.06,6.79,16.68,2.1,14.64,10.29,2.19,18.78,999.0,2.08,2.66,5.78,6.01,5.89,8.13,11.51,4.18,3.4,15.1,1.08,19.37,16.0,5.64,20.44,9.26,1.58,8.55,2.62,17.42,14.1,9.56,22.49,2.54,19.44,4.18,4.69,2.08,13.49,10.59,11.25,9.34,15.74,2.54,1.69,16.94,11.3,3.89,5.69,15.14,3.88,10.69,5.91,12.52,4.77,1.97,8.74,2.61,40.66,1.88,6.0,3.88,4.23,7.58,14.48,1.58,15.17,4.15,2.43,15.39,4.18,2.53,4.01,9.58,7.33,2.59,3.3,3.69,1.65,4.13,11.12,15.07,4.18,4.67,14.21,2.83,4.9,18.96
23,19.08,8.9,8.23,8.55,11.73,7.4,7.86,11.1,11.93,17.85,12.77,6.04,8.13,12.59,7.57,15.81,0.34,14.65,9.21,0.16,17.88,2.08,999.0,4.63,7.03,4.72,7.42,10.16,10.89,5.64,3.76,15.1,1.95,18.1,16.84,7.69,19.3,8.59,3.66,10.0,4.03,18.43,15.35,11.42,21.49,1.96,18.38,5.64,6.07,4.03,12.54,12.57,10.18,8.71,15.37,1.96,3.25,17.76,10.24,2.64,7.64,14.2,5.81,12.35,7.8,13.94,6.65,1.26,7.38,1.62,40.3,3.96,5.0,2.59,5.6,6.44,15.17,2.81,16.5,5.95,4.06,16.38,5.64,0.98,6.07,10.94,7.15,3.02,1.97,5.51,2.65,5.71,12.84,16.33,5.64,3.86,13.44,3.77,5.99,18.13
24,20.79,9.52,8.33,4.66,9.48,3.3,11.58,7.11,7.43,14.36,10.67,3.05,5.94,8.61,5.48,17.0,4.71,13.86,11.09,4.7,19.09,2.66,4.63,999.0,3.92,7.4,5.8,5.55,11.66,2.27,5.34,14.32,3.54,20.19,14.21,3.11,21.06,9.61,1.27,6.24,1.66,15.42,11.9,6.91,22.9,4.13,19.96,2.27,5.12,2.24,13.99,7.95,11.99,9.64,15.42,4.13,1.63,15.14,12.03,5.55,4.44,15.59,1.21,8.15,4.89,10.16,3.98,3.99,9.98,4.47,40.09,1.23,7.06,5.59,2.48,8.63,12.88,3.46,12.87,3.74,1.16,13.44,2.27,4.75,1.58,7.33,7.23,3.19,5.18,1.18,3.7,4.3,8.53,12.84,2.27,5.75,14.45,4.4,5.75,19.17
25,18.4,7.11,5.76,1.91,5.57,1.78,11.65,4.24,5.94,10.85,6.77,6.7,2.2,5.67,1.91,14.38,7.27,10.25,9.46,7.02,16.41,5.78,7.03,3.92,999.0,7.25,9.58,5.97,9.1,1.68,9.03,10.7,6.85,18.11,10.33,4.67,18.7,7.5,5.02,3.04,3.17,11.65,8.35,5.51,20.24,5.46,17.5,1.68,9.02,6.14,11.72,7.3,10.2,7.46,12.16,5.46,4.09,11.26,10.21,6.34,7.73,13.18,3.39,5.64,8.28,6.92,7.61,5.87,9.15,5.94,36.46,5.1,6.5,6.43,1.56,7.71,8.96,7.09,9.47,7.55,3.41,9.63,1.68,6.59,4.42,3.92,4.93,4.12,6.39,2.89,7.28,8.19,6.27,9.32,1.68,5.64,11.83,8.2,9.67,16.37
26,14.36,4.85,4.76,9.16,9.76,8.57,4.43,11.36,13.16,16.74,10.5,9.93,6.96,12.65,6.52,11.15,5.02,11.04,4.51,4.56,13.2,6.01,4.72,7.4,7.25,999.0,11.89,12.47,6.52,6.81,8.47,11.46,6.48,13.42,14.74,10.29,14.58,4.29,7.13,10.11,5.87,16.66,14.36,12.7,16.78,3.5,13.66,6.81,10.63,8.05,7.87,14.35,5.47,4.46,11.17,3.5,5.82,15.58,5.55,2.15,11.53,9.52,8.2,12.82,11.83,13.55,10.72,4.07,2.73,3.42,35.92,7.47,0.93,2.17,6.58,1.75,12.85,7.33,15.68,10.14,6.3,14.66,6.81,3.77,8.96,10.69,4.06,4.22,2.8,7.62,7.24,10.13,13.48,15.32,6.81,1.71,8.88,8.43,10.66,13.49
27,26.06,15.05,13.98,9.7,15.12,8.41,15.26,11.67,10.68,19.01,16.32,2.89,11.7,13.01,11.26,22.46,7.21,19.66,16.16,7.57,24.56,5.89,7.42,5.8,9.58,11.89,999.0,7.58,17.2,8.02,4.41,20.12,5.48,25.26,19.55,5.95,26.31,15.01,5.18,11.19,7.27,20.47,16.7,10.23,28.32,8.43,25.29,8.02,1.41,4.0,19.32,10.13,17.12,15.08,21.16,8.43,6.68,20.47,17.17,9.74,2.58,20.96,6.21,12.2,2.06,14.7,2.04,7.82,14.61,8.47,45.89,4.91,11.89,9.73,8.26,13.46,18.42,4.61,17.43,2.06,6.78,18.61,8.02,8.22,5.25,12.31,12.84,8.23,9.12,6.7,4.76,1.76,12.28,17.56,8.02,10.55,19.95,3.79,2.04,24.71
28,24.33,13.08,11.72,4.55,10.02,4.21,16.84,5.08,3.19,11.88,11.14,5.44,7.88,6.04,7.77,20.27,10.22,15.44,15.35,10.24,22.27,8.13,10.16,5.55,5.97,12.47,7.58,999.0,15.05,5.7,9.88,15.85,8.81,24.07,13.28,2.49,24.64,13.46,6.56,5.3,6.69,13.71,9.83,2.83,26.09,9.55,23.42,5.7,7.98,6.75,17.68,2.66,16.14,13.42,17.73,9.55,7.1,14.13,16.14,10.9,5.0,19.12,4.43,5.02,5.55,7.7,5.8,9.52,14.77,9.94,41.15,6.31,11.91,10.95,5.95,13.33,12.66,8.4,10.29,6.35,6.38,12.09,5.7,10.29,4.12,6.18,10.88,8.38,10.62,4.92,8.68,7.27,4.9,10.55,5.7,10.76,17.74,8.82,8.91,22.18
29,9.3,2.15,3.39,10.6,7.28,10.88,7.91,11.66,14.28,14.05,7.24,14.68,7.25,12.34,7.28,5.35,11.22,5.26,2.9,10.75,7.43,11.51,10.89,11.66,9.1,6.52,17.2,15.05,999.0,9.9,14.56,5.57,12.3,9.08,10.85,13.64,9.6,2.3,12.02,10.59,10.03,13.03,12.22,14.0,11.25,9.14,8.41,9.9,16.15,13.2,2.72,15.98,2.62,2.18,4.67,9.14,10.52,11.47,2.54,8.28,16.1,4.07,11.87,13.03,16.55,12.42,15.59,9.89,4.96,9.32,29.44,12.31,5.94,8.34,9.61,4.86,8.91,13.05,13.55,15.21,10.54,11.37,9.9,9.91,12.9,10.49,4.44,8.99,8.94,11.22,13.05,15.49,13.79,12.97,9.9,7.03,2.79,14.27,16.41,7.52
30,19.16,7.8,6.51,2.92,7.21,1.86,11.22,5.46,6.55,12.42,8.4,5.19,3.68,6.96,3.24,15.24,5.84,11.66,9.77,5.65,17.31,4.18,5.64,2.27,1.68,6.81,8.02,5.7,9.9,999.0,7.37,12.12,5.24,18.71,12.01,3.8,19.45,8.03,3.34,4.39,1.62,13.3,9.92,6.06,21.14,4.33,18.29,0.0,7.39,4.47,12.38,7.57,10.61,8.03,13.37,4.33,2.51,12.94,10.63,5.47,6.37,13.93,2.0,6.72,6.89,8.36,6.11,4.59,9.08,4.79,37.9,3.43,6.22,5.54,0.29,7.64,10.63,5.43,10.99,5.97,1.77,11.29,0.0,5.35,3.06,5.4,5.5,2.99,5.36,1.38,5.62,6.57,7.25,10.89,0.0,5.11,12.68,6.52,8.01,17.34
31,22.83,12.52,11.71,10.0,14.39,8.64,11.21,12.44,12.43,19.69,15.53,4.55,10.71,13.94,10.18,19.55,3.45,17.99,12.97,3.91,21.63,3.4,3.76,5.34,9.03,8.47,4.41,9.88,14.56,7.37,999.0,18.45,2.38,21.83,19.33,7.52,23.05,12.27,4.09,11.58,5.92,20.67,17.22,11.92,25.25,5.43,22.14,7.37,3.01,3.27,16.3,12.52,13.94,12.38,18.95,5.43,5.02,20.27,14.0,6.39,5.75,17.95,6.42,13.41,5.61,15.5,4.62,4.68,11.11,5.25,43.9,4.12,8.74,6.34,7.47,10.19,17.86,1.94,18.21,3.87,5.62,18.66,7.37,4.73,6.03,12.66,10.58,5.92,5.71,6.52,1.77,3.13,13.73,18.17,7.37,7.54,17.17,1.05,2.53,21.88
32,10.67,6.62,6.9,11.4,5.9,12.27,13.48,11.21,13.99,10.4,4.96,17.3,8.5,11.19,8.89,6.85,15.44,0.46,8.47,14.99,8.08,15.1,15.1,14.32,10.7,11.46,20.12,15.85,5.57,12.12,18.45,999.0,16.07,11.42,6.54,15.27,11.0,7.29,15.09,10.6,12.93,8.66,9.37,13.9,11.43,13.16,9.71,12.12,19.35,16.32,6.9,15.85,8.11,7.1,2.81,13.16,13.7,6.85,8.01,12.74,18.43,6.97,14.06,12.2,18.97,10.5,18.23,13.92,10.44,13.48,25.78,15.3,10.67,12.82,11.87,10.04,5.01,16.67,10.48,18.06,13.4,7.57,12.12,14.18,15.11,9.93,7.95,12.52,13.32,13.49,16.75,18.57,12.88,9.8,12.12,11.38,5.58,17.91,19.82,7.65
33,20.8,10.22,9.37,8.04,12.08,6.74,9.81,10.56,10.95,17.66,13.21,4.19,8.4,12.07,7.86,17.39,1.79,15.61,10.89,2.1,19.48,1.08,1.95,3.54,6.85,6.48,5.48,8.81,12.3,5.24,2.38,16.07,999.0,19.9,17.08,6.32,21.03,10.02,2.31,9.59,3.69,18.49,15.16,10.43,23.15,3.17,20.07,5.24,4.17,2.23,14.16,11.34,11.86,10.12,16.62,3.17,2.76,18.01,11.92,4.33,5.76,15.82,4.74,11.66,5.88,13.55,4.73,2.46,9.19,3.09,41.56,2.51,6.61,4.31,5.3,8.13,15.55,0.87,16.22,4.02,3.47,16.47,5.24,2.75,4.69,10.63,8.23,3.55,3.68,4.64,0.77,3.76,12.06,16.13,5.24,5.33,14.96,1.99,4.19,19.69
34,1.89,11.0,12.35,19.67,15.89,19.88,11.38,20.67,23.34,21.77,15.48,23.06,16.32,21.23,16.33,4.58,18.39,11.49,9.13,17.95,3.84,19.37,18.1,20.19,18.11,13.42,25.26,24.07,9.08,18.71,21.83,11.42,19.9,999.0,17.96,22.51,1.83,10.69,20.27,19.65,18.52,20.08,20.43,23.07,4.45,16.83,2.27,18.71,24.03,21.33,6.39,25.05,8.2,10.7,8.63,16.83,18.81,18.25,8.16,15.56,24.6,5.08,20.61,22.0,24.98,21.07,23.92,17.47,10.73,16.82,25.34,20.6,13.37,15.59,18.43,11.79,16.33,20.75,21.66,23.42,19.03,18.93,18.71,17.18,21.58,19.46,13.24,17.16,16.22,19.96,20.66,23.5,22.76,21.01,18.71,14.72,6.63,21.84,24.07,4.55
35,17.18,10.73,10.14,9.85,5.13,11.16,18.04,8.23,10.5,3.98,4.24,16.69,8.72,7.35,9.28,13.38,17.13,6.49,13.43,16.78,14.57,16.0,16.84,14.21,10.33,14.74,19.55,13.28,10.85,12.01,19.33,6.54,17.08,17.96,999.0,13.77,17.51,11.55,15.34,8.4,13.41,2.2,3.94,10.64,17.69,14.95,16.22,12.01,19.21,16.45,12.95,12.23,13.43,11.36,9.34,14.95,14.33,0.93,13.36,15.16,17.3,13.36,13.44,8.46,17.9,5.91,17.52,15.58,14.84,15.39,28.34,15.42,13.81,15.26,11.87,13.9,1.96,17.4,4.54,17.62,13.72,1.42,12.01,16.13,14.32,7.3,10.67,13.84,15.54,13.09,17.57,18.37,8.9,3.86,12.01,13.91,11.86,18.52,19.93,14.08
36,22.93,11.57,10.25,4.03,9.74,3.0,14.59,5.73,4.97,13.06,10.93,3.33,6.84,7.07,6.58,18.97,7.74,14.83,13.56,7.77,21.02,5.64,7.69,3.11,4.67,10.29,5.95,2.49,13.64,3.8,7.52,15.27,6.32,22.51,13.77,999.0,23.22,11.83,4.07,5.37,4.43,14.56,10.76,4.48,24.86,7.2,22.05,3.8,6.0,4.32,16.17,5.04,14.41,11.82,16.83,7.2,4.7,14.67,14.43,8.58,3.54,17.69,2.1,6.28,4.14,8.75,3.95,7.09,12.74,7.56,40.93,3.82,9.83,8.63,4.09,11.33,12.81,5.95,11.49,4.31,4.05,12.75,3.8,7.86,1.63,6.47,9.28,6.11,8.26,2.69,6.23,5.21,6.43,11.61,3.8,8.6,16.4,6.47,6.89,21.01
37,0.33,11.65,12.97,20.15,15.95,20.48,12.92,20.95,23.67,21.4,15.41,24.0,16.79,21.38,16.86,4.48,19.6,11.14,10.15,19.15,2.95,20.44,19.3,21.06,18.7,14.58,26.31,24.64,9.6,19.45,23.05,11.0,21.03,1.83,17.51,23.22,999.0,11.46,21.24,19.99,19.4,19.56,20.26,23.43,2.64,17.91,1.31,19.45,25.13,22.34,7.08,25.43,9.19,11.44,8.21,17.91,19.76,17.7,9.14,16.71,25.49,5.53,21.39,22.22,25.91,21.07,24.88,18.58,11.95,17.94,23.52,21.56,14.44,16.74,19.16,12.9,16.01,21.87,21.43,24.42,19.91,18.58,19.45,18.35,22.39,19.7,13.95,18.12,17.38,20.73,21.8,24.56,22.96,20.76,19.45,15.77,6.91,23.0,25.22,3.52
38,11.19,0.82,1.93,9.2,7.17,9.24,6.52,10.67,13.1,14.28,7.51,12.57,5.99,11.59,5.86,7.45,8.92,6.9,2.17,8.45,9.55,9.26,8.59,9.61,7.5,4.29,15.01,13.46,2.3,8.03,12.27,7.29,10.02,10.69,11.55,11.83,11.46,999.0,9.86,9.5,7.95,13.65,12.17,12.76,13.32,6.85,10.35,8.03,13.93,11.01,4.38,14.68,2.73,0.19,6.89,6.85,8.36,12.29,2.72,5.98,14.05,5.98,9.94,12.12,14.47,11.97,13.48,7.6,3.33,7.02,31.73,10.17,3.66,6.05,7.74,2.76,9.59,10.79,13.53,13.06,8.46,11.81,8.03,7.61,10.93,9.63,2.58,6.78,6.64,9.29,10.78,13.28,12.86,13.03,8.03,4.74,4.95,12.0,14.16,9.71
39,20.98,9.88,8.79,5.91,10.51,4.56,11.08,8.38,8.65,15.6,11.69,2.81,6.89,9.88,6.39,17.31,3.68,14.63,11.14,3.75,19.41,1.58,3.66,1.27,5.02,7.13,5.18,6.56,12.02,3.34,4.09,15.09,2.31,20.27,15.34,4.07,21.24,9.86,999.0,7.49,2.15,16.61,13.13,8.13,23.18,3.66,20.18,3.34,4.26,1.23,14.2,9.06,12.08,9.92,16.01,3.66,1.5,16.28,12.13,5.1,4.41,15.83,2.44,9.42,4.73,11.42,3.65,3.3,9.81,3.88,40.82,0.35,6.95,5.12,3.49,8.54,13.95,2.19,14.13,3.19,1.71,14.61,3.34,3.99,2.44,8.57,7.66,3.11,4.61,2.43,2.43,3.51,9.79,14.08,3.34,5.59,14.78,3.19,4.76,19.54
40,19.67,8.92,7.58,1.58,4.73,2.95,14.45,1.26,3.7,8.12,5.84,8.36,3.52,2.63,3.75,15.53,10.22,10.2,11.62,10.0,17.44,8.55,10.0,6.24,3.04,10.11,11.19,5.3,10.59,4.39,11.58,10.6,9.59,19.65,8.4,5.37,19.99,9.5,7.49,999.0,6.01,9.3,5.66,3.45,21.22,8.49,18.72,4.39,10.97,8.43,13.31,5.45,12.22,9.41,12.64,8.49,6.9,9.3,12.2,9.37,8.91,14.58,5.26,2.73,9.51,3.97,9.16,8.88,11.72,8.97,35.88,7.47,9.29,9.45,4.4,10.31,7.49,9.67,6.64,9.33,6.12,7.41,4.39,9.61,6.02,1.12,7.09,7.15,9.43,5.06,9.89,10.13,3.43,6.6,4.39,8.58,13.09,10.64,11.75,17.27
41,19.13,7.88,6.73,4.53,8.47,3.38,10.17,7.08,8.0,14.01,9.63,4.65,4.81,8.58,4.29,15.35,4.22,12.48,9.43,4.05,17.45,2.62,4.03,1.66,3.17,5.87,7.27,6.69,10.03,1.62,5.92,12.93,3.69,18.52,13.41,4.43,19.4,7.95,2.15,6.01,999.0,14.8,11.51,7.5,21.25,2.9,18.3,1.62,6.41,3.38,12.33,8.84,10.33,7.98,13.89,2.9,0.92,14.35,10.37,4.2,6.1,13.93,2.33,8.32,6.53,9.98,5.57,3.03,8.39,3.33,38.67,2.38,5.46,4.26,1.63,7.01,11.94,3.99,12.6,5.24,0.51,12.78,1.62,3.81,3.13,7.01,5.61,1.69,3.97,1.78,4.15,5.65,8.82,12.48,1.62,4.18,12.81,5.17,6.9,17.55
42,19.23,12.84,12.16,10.86,6.92,12.22,20.12,8.85,10.69,2.54,6.21,17.66,10.31,7.68,10.86,15.51,18.71,8.64,15.57,18.38,16.61,17.42,18.43,15.42,11.65,16.66,20.47,13.71,13.03,13.3,20.67,8.66,18.49,20.08,2.2,14.56,19.56,13.65,16.61,9.3,14.8,999.0,3.89,10.93,19.61,16.59,18.28,13.3,20.27,17.65,15.15,12.26,15.61,13.47,11.45,16.59,15.73,1.86,15.53,16.93,18.1,15.53,14.53,8.71,18.7,6.02,18.44,17.18,16.92,17.05,28.88,16.64,15.73,17.03,13.21,15.92,4.12,18.73,3.77,18.63,15.06,2.05,13.3,17.78,15.32,8.18,12.61,15.41,17.26,14.26,18.92,19.43,8.98,3.28,13.3,15.72,14.04,19.8,21.04,16.1
43,19.93,11.39,10.39,7.25,5.02,8.62,18.28,5.03,6.82,2.5,5.02,13.94,7.5,3.79,8.02,15.89,15.6,9.16,14.29,15.33,17.38,14.1,15.35,11.9,8.35,14.36,16.7,9.83,12.22,9.92,17.22,9.37,15.16,20.43,3.94,10.76,20.26,12.17,13.13,5.66,11.51,3.89,999.0,7.05,20.8,13.64,18.95,9.92,16.58,14.09,14.72,8.44,14.56,12.01,12.09,13.64,12.42,4.59,14.5,14.22,14.28,15.5,10.92,4.82,14.88,2.14,14.68,14.15,15.18,14.12,32.27,13.13,13.44,14.31,9.88,13.98,4.46,15.3,1.36,14.92,11.69,2.54,9.92,14.82,11.63,4.56,10.51,12.37,14.44,10.72,15.51,15.75,5.13,0.98,9.92,13.15,13.93,16.3,17.39,17.0
44,23.12,12.24,10.88,3.62,8.0,4.2,17.13,2.7,0.52,9.06,9.0,7.79,6.8,3.3,6.9,18.98,11.55,13.52,14.82,11.47,20.89,9.56,11.42,6.91,5.51,12.7,10.23,2.83,14.0,6.06,11.92,13.9,10.43,23.07,10.64,4.48,23.43,12.76,8.13,3.45,7.5,10.93,7.05,999.0,24.66,10.36,22.17,6.06,10.44,8.66,16.71,2.0,15.49,12.68,16.05,10.36,8.17,11.45,15.48,11.52,7.67,18.01,5.7,2.23,8.25,4.91,8.33,10.52,14.66,10.81,38.76,7.96,11.99,11.59,6.22,13.22,10.22,10.22,7.46,8.76,7.37,9.39,6.06,11.31,5.89,3.96,10.25,9.04,11.41,5.91,10.49,9.67,2.08,7.74,6.06,11.05,16.53,10.89,11.35,20.72
45,2.7,13.39,14.64,21.56,16.89,22.02,15.43,22.08,24.86,21.67,16.19,25.89,18.22,22.35,18.36,5.91,21.8,11.67,12.28,21.34,3.84,22.49,21.49,22.9,20.24,16.78,28.32,26.09,11.25,21.14,25.25,11.43,23.15,4.45,17.69,24.86,2.64,13.32,23.18,21.22,21.25,19.61,20.8,24.66,999.0,20.0,3.14,21.14,27.19,24.32,9.0,26.66,11.31,13.27,8.79,20.0,21.69,17.75,11.24,18.86,27.34,7.36,23.13,23.26,27.78,21.85,26.8,20.69,14.23,20.07,20.89,23.49,16.54,18.91,20.86,15.05,16.4,23.97,21.89,26.38,21.77,18.88,21.14,20.52,24.15,20.81,15.69,20.09,19.54,22.48,23.92,26.58,23.99,21.2,21.14,17.84,8.47,25.13,27.34,3.94
46,17.67,7.08,6.32,7.17,9.82,6.18,7.47,9.66,10.86,16.13,10.84,6.44,6.28,11.12,5.73,14.22,2.29,12.71,7.76,1.88,16.31,2.54,1.96,4.13,5.46,3.5,8.43,9.55,9.14,4.33,5.43,13.16,3.17,16.83,14.95,7.2,17.91,6.85,3.66,8.49,2.9,16.59,13.64,10.36,20.0,999.0,16.92,4.33,7.21,4.55,11.0,11.74,8.72,6.95,13.52,0.0,2.5,15.86,8.78,1.44,8.06,12.65,5.13,11.0,8.34,12.36,7.22,0.76,6.21,0.48,38.47,4.01,3.47,1.47,4.21,5.04,13.25,3.97,14.84,6.65,3.17,14.54,4.33,1.19,5.71,9.35,5.22,1.35,1.07,4.65,3.94,6.67,11.56,14.62,4.33,2.16,11.78,5.16,7.35,16.52
47,0.98,10.5,11.8,18.92,14.65,19.28,12.33,19.67,22.41,20.11,14.11,22.92,15.56,20.09,15.65,3.19,18.68,9.84,9.18,18.23,1.7,19.44,18.38,19.96,17.5,13.66,25.29,23.42,8.41,18.29,22.14,9.71,20.07,2.27,16.22,22.05,1.31,10.35,20.18,18.72,18.3,18.28,18.95,22.17,3.14,16.92,999.0,18.29,24.13,21.3,5.98,24.17,8.21,10.32,6.91,16.92,18.69,16.43,8.15,15.76,24.4,4.37,20.25,20.93,24.82,19.77,23.82,17.61,11.09,16.98,23.7,20.49,13.46,15.8,18.0,11.95,14.71,20.89,20.13,23.37,18.81,17.28,18.29,17.42,21.26,18.42,12.8,17.07,16.44,19.6,20.84,23.54,21.68,19.46,18.29,14.77,5.68,22.05,24.26,2.35
48,19.16,7.8,6.51,2.92,7.21,1.86,11.22,5.46,6.55,12.42,8.4,5.19,3.68,6.96,3.24,15.24,5.84,11.66,9.77,5.65,17.31,4.18,5.64,2.27,1.68,6.81,8.02,5.7,9.9,0.0,7.37,12.12,5.24,18.71,12.01,3.8,19.45,8.03,3.34,4.39,1.62,13.3,9.92,6.06,21.14,4.33,18.29,999.0,7.39,4.47,12.38,7.57,10.61,8.03,13.37,4.33,2.51,12.94,10.63,5.47,6.37,13.93,2.0,6.72,6.89,8.36,6.11,4.59,9.08,4.79,37.9,3.43,6.22,5.54,0.29,7.64,10.63,5.43,10.99,5.97,1.77,11.29,0.0,5.35,3.06,5.4,5.5,2.99,5.36,1.38,5.62,6.57,7.25,10.89,0.0,5.11,12.68,6.52,8.01,17.34
49,24.88,14.02,13.0,9.41,14.59,8.07,13.89,11.58,10.92,18.96,15.78,2.68,11.05,12.99,10.58,21.36,5.85,18.89,14.97,6.23,23.46,4.69,6.07,5.12,9.02,10.63,1.41,7.98,16.15,7.39,3.01,19.35,4.17,24.03,19.21,6.0,25.13,13.93,4.26,10.97,6.41,20.27,16.58,10.44,27.19,7.21,24.13,7.39,999.0,3.03,18.18,10.61,15.94,14.0,20.24,7.21,5.71,20.14,15.99,8.48,3.17,19.83,5.77,12.27,2.85,14.66,2.18,6.57,13.35,7.21,45.08,4.05,10.69,8.46,7.59,12.25,17.96,3.3,17.4,1.69,5.95,18.35,7.39,6.91,4.95,12.09,11.86,7.16,7.84,6.15,3.42,0.84,12.43,17.47,7.39,9.36,18.88,2.38,0.94,23.63
50,22.08,11.06,10.0,6.85,11.68,5.48,11.78,9.23,9.18,16.54,12.87,2.01,8.09,10.71,7.59,18.46,3.95,15.86,12.21,4.16,20.56,2.08,4.03,2.24,6.14,8.05,4.0,6.75,13.2,4.47,3.27,16.32,2.23,21.33,16.45,4.32,22.34,11.01,1.23,8.43,3.38,17.65,14.09,8.66,24.32,4.55,21.3,4.47,3.03,999.0,15.33,9.36,13.16,11.08,17.22,4.55,2.69,17.38,13.21,5.95,3.62,16.96,3.2,10.15,3.83,12.3,2.69,4.04,10.76,4.68,42.04,1.05,7.96,5.95,4.65,9.55,15.1,1.66,15.03,2.1,2.92,15.67,4.47,4.61,2.77,9.54,8.86,4.23,5.38,3.39,1.94,2.3,10.46,15.03,4.47,6.61,15.95,2.25,3.55,20.71
51,6.8,4.61,5.96,13.28,9.88,13.49,7.72,14.38,17.0,16.41,9.7,16.94,9.94,15.04,9.94,3.28,12.86,6.74,3.38,12.39,5.34,13.49,12.54,13.99,11.72,7.87,19.32,17.68,2.72,12.38,16.3,6.9,14.16,6.39,12.95,16.17,7.08,4.38,14.2,13.31,12.33,15.15,14.72,16.71,9.0,11.0,5.98,12.38,18.18,15.33,999.0,18.68,2.45,4.37,4.87,11.0,12.71,13.46,2.36,9.9,18.43,1.66,14.32,15.75,18.85,15.06,17.84,11.7,5.54,11.08,28.3,14.51,7.56,9.95,12.09,6.12,11.09,14.97,16.03,17.39,12.84,13.65,12.38,11.57,15.31,13.2,6.89,11.1,10.58,13.66,14.93,17.57,16.5,15.43,12.38,8.84,1.51,16.14,18.34,5.63
52,25.12,14.18,12.82,5.48,9.96,5.79,18.77,4.64,1.86,10.15,10.93,8.09,8.75,4.93,8.82,20.98,12.66,15.48,16.71,12.64,22.89,10.59,12.57,7.95,7.3,14.35,10.13,2.66,15.98,7.57,12.52,15.85,11.34,25.05,12.23,5.04,25.43,14.68,9.06,5.45,8.84,12.26,8.44,2.0,26.66,11.74,24.17,7.57,10.61,9.36,18.68,999.0,17.41,14.61,18.04,11.74,9.4,12.99,17.4,13.0,7.57,20.0,6.76,3.82,8.07,6.34,8.43,11.81,16.44,12.17,40.5,8.84,13.69,13.07,7.78,14.99,11.99,10.99,8.6,9.0,8.62,10.91,7.57,12.59,6.65,5.93,12.15,10.48,12.81,7.12,11.27,9.92,3.33,8.99,7.57,12.66,18.53,11.47,11.55,22.72
53,8.95,3.33,4.64,11.93,9.55,11.93,5.56,13.38,15.84,16.51,9.68,14.86,8.72,14.26,8.59,5.72,10.49,7.83,0.97,10.03,7.74,11.25,10.18,11.99,10.2,5.47,17.12,16.14,2.62,10.61,13.94,8.11,11.86,8.2,13.43,14.41,9.19,2.73,12.08,12.22,10.33,15.61,14.56,15.49,11.31,8.72,8.21,10.61,15.94,13.16,2.45,17.41,999.0,2.81,6.71,8.72,10.62,14.07,0.1,7.55,16.4,4.06,12.46,14.82,16.78,14.54,15.74,9.4,3.1,8.77,30.73,12.41,5.25,7.6,10.33,3.74,11.49,12.68,15.9,15.25,10.83,13.89,10.61,9.21,13.41,12.31,5.28,8.97,8.23,11.81,12.63,15.37,15.57,15.36,10.61,6.58,3.7,13.83,16.05,8.07
54,11.16,0.64,1.82,9.14,7.0,9.21,6.71,10.57,13.02,14.11,7.33,12.62,5.9,11.47,5.79,7.39,9.04,6.71,2.3,8.57,9.49,9.34,8.71,9.64,7.46,4.46,15.08,13.42,2.18,8.03,12.38,7.1,10.12,10.7,11.36,11.82,11.44,0.19,9.92,9.41,7.98,13.47,12.01,12.68,13.27,6.95,10.32,8.03,14.0,11.08,4.37,14.61,2.81,999.0,6.74,6.95,8.42,12.1,2.8,6.11,14.08,5.95,9.95,12.02,14.51,11.84,13.52,7.7,3.52,7.13,31.6,10.22,3.8,6.18,7.74,2.94,9.4,10.88,13.37,13.11,8.5,11.63,8.03,7.73,10.95,9.51,2.55,6.85,6.76,9.3,10.87,13.35,12.76,12.87,8.03,4.85,4.88,12.1,14.24,9.63
55,7.88,6.47,7.27,13.19,8.15,13.86,12.27,13.41,16.2,13.2,7.4,18.46,9.99,13.59,10.26,4.08,15.7,2.94,7.34,15.24,5.3,15.74,15.37,15.42,12.16,11.17,21.16,17.73,4.67,13.37,18.95,2.81,16.62,8.63,9.34,16.83,8.21,6.89,16.01,12.64,13.89,11.45,12.09,16.05,8.79,13.52,6.91,13.37,20.24,17.22,4.87,18.04,6.71,6.74,999.0,13.52,14.53,9.62,6.61,12.82,19.73,4.46,15.36,14.53,20.25,13.06,19.4,14.29,9.54,13.76,24.95,16.26,10.53,12.89,13.09,9.53,7.8,17.31,13.24,19.12,14.39,10.37,13.37,14.4,16.42,12.13,8.41,13.15,13.46,14.75,17.35,19.52,15.24,12.57,13.37,11.51,3.37,18.56,20.61,4.91
56,17.67,7.08,6.32,7.17,9.82,6.18,7.47,9.66,10.86,16.13,10.84,6.44,6.28,11.12,5.73,14.22,2.29,12.71,7.76,1.88,16.31,2.54,1.96,4.13,5.46,3.5,8.43,9.55,9.14,4.33,5.43,13.16,3.17,16.83,14.95,7.2,17.91,6.85,3.66,8.49,2.9,16.59,13.64,10.36,20.0,0.0,16.92,4.33,7.21,4.55,11.0,11.74,8.72,6.95,13.52,999.0,2.5,15.86,8.78,1.44,8.06,12.65,5.13,11.0,8.34,12.36,7.22,0.76,6.21,0.48,38.47,4.01,3.47,1.47,4.21,5.04,13.25,3.97,14.84,6.65,3.17,14.54,4.33,1.19,5.71,9.35,5.22,1.35,1.07,4.65,3.94,6.67,11.56,14.62,4.33,2.16,11.78,5.16,7.35,16.52
57,19.49,8.38,7.31,5.39,9.37,4.17,9.96,7.94,8.69,14.92,10.52,4.25,5.7,9.44,5.17,15.81,3.41,13.24,9.68,3.29,17.91,1.69,3.25,1.63,4.09,5.82,6.68,7.1,10.52,2.51,5.02,13.7,2.76,18.81,14.33,4.7,19.76,8.36,1.5,6.9,0.92,15.73,12.42,8.17,21.69,2.5,18.69,2.51,5.71,2.69,12.71,9.4,10.62,8.42,14.53,2.5,999.0,15.26,10.66,3.92,5.8,14.34,2.67,9.13,6.17,10.87,5.13,2.42,8.45,2.85,39.38,1.8,5.54,3.96,2.54,7.13,12.84,3.1,13.5,4.69,0.82,13.7,2.51,3.2,3.21,7.91,6.17,1.66,3.56,2.28,3.24,4.99,9.6,13.39,2.51,4.21,13.28,4.29,6.13,18.04
58,17.38,11.48,10.94,10.77,6.04,12.09,18.8,9.09,11.29,4.14,5.1,17.61,9.65,8.16,10.2,13.69,18.05,6.85,14.11,17.7,14.76,16.94,17.76,15.14,11.26,15.58,20.47,14.13,11.47,12.94,20.27,6.85,18.01,18.25,0.93,14.67,17.7,12.29,16.28,9.3,14.35,1.86,4.59,11.45,17.75,15.86,16.43,12.94,20.14,17.38,13.46,12.99,14.07,12.1,9.62,15.86,15.26,999.0,14.0,16.05,18.21,13.77,14.37,9.25,18.81,6.65,18.44,16.5,15.6,16.3,27.69,16.35,14.65,16.15,12.81,14.7,2.74,18.33,4.98,18.55,14.65,2.08,12.94,17.04,15.24,8.2,11.52,14.76,16.44,14.02,18.5,19.3,9.66,4.34,12.94,14.79,12.3,19.45,20.86,14.24
59,8.89,3.3,4.62,11.92,9.5,11.93,5.66,13.36,15.82,16.45,9.61,14.91,8.7,14.23,8.59,5.64,10.55,7.74,1.04,10.1,7.67,11.3,10.24,12.03,10.21,5.55,17.17,16.14,2.54,10.63,14.0,8.01,11.92,8.16,13.36,14.43,9.14,2.72,12.13,12.2,10.37,15.53,14.5,15.48,11.24,8.78,8.15,10.63,15.99,13.21,2.36,17.4,0.1,2.8,6.61,8.78,10.66,14.0,999.0,7.62,16.44,3.98,12.48,14.8,16.83,14.5,15.78,9.46,3.19,8.83,30.64,12.45,5.31,7.66,10.34,3.81,11.41,12.74,15.85,15.29,10.87,13.83,10.63,9.28,13.44,12.28,5.28,9.01,8.29,11.83,12.69,15.42,15.55,15.31,10.63,6.63,3.61,13.9,16.11,7.98
60,16.48,6.35,5.84,8.17,10.04,7.32,6.03,10.58,12.0,16.68,10.97,7.87,6.73,11.99,6.2,13.17,2.96,12.3,6.58,2.5,15.24,3.89,2.64,5.55,6.34,2.15,9.74,10.9,8.28,5.47,6.39,12.74,4.33,15.56,15.16,8.58,16.71,5.98,5.1,9.37,4.2,16.93,14.22,11.52,18.86,1.44,15.76,5.47,8.48,5.95,9.9,13.0,7.55,6.11,12.82,1.44,3.92,16.05,7.62,999.0,9.49,11.56,6.5,11.98,9.76,13.11,8.63,1.93,4.87,1.28,37.71,5.45,2.36,0.1,5.3,3.81,13.37,5.18,15.47,8.03,4.54,14.88,5.47,1.66,7.13,10.13,4.84,2.52,0.68,5.98,5.1,7.99,12.58,15.19,5.47,1.36,10.81,6.29,8.52,15.49
61,25.23,13.95,12.75,7.5,13.11,6.3,15.39,9.26,8.11,16.54,14.32,1.63,9.92,10.55,9.55,21.44,7.54,17.97,15.47,7.78,23.53,5.69,7.64,4.44,7.73,11.53,2.58,5.0,16.1,6.37,5.75,18.43,5.76,24.6,17.3,3.54,25.49,14.05,4.41,8.91,6.1,18.1,14.28,7.67,27.34,8.06,24.4,6.37,3.17,3.62,18.43,7.57,16.4,14.08,19.73,8.06,5.8,18.21,16.44,9.49,999.0,20.03,4.38,9.69,0.6,12.24,1.13,7.62,14.21,8.24,44.19,4.06,11.33,9.5,6.64,12.92,16.29,5.01,14.95,1.89,5.59,16.29,6.37,8.22,3.33,10.01,11.66,7.46,8.96,4.99,5.26,2.66,9.73,15.11,6.37,9.99,18.88,4.79,4.1,23.6
62,5.24,6.13,7.44,14.66,10.84,14.95,9.05,15.6,18.27,17.0,10.5,18.56,11.3,16.15,11.35,1.68,14.51,6.92,5.02,14.05,3.69,15.14,14.2,15.59,13.18,9.52,20.96,19.12,4.07,13.93,17.95,6.97,15.82,5.08,13.36,17.69,5.53,5.98,15.83,14.58,13.93,15.53,15.5,18.01,7.36,12.65,4.37,13.93,19.83,16.96,1.66,20.0,4.06,5.95,4.46,12.65,14.34,13.77,3.98,11.56,20.03,999.0,15.88,16.92,20.46,16.03,19.46,13.36,7.13,12.74,26.79,16.14,9.22,11.61,13.63,7.77,11.6,16.62,16.77,19.03,14.44,14.19,13.93,13.22,16.89,14.38,8.43,12.73,12.24,15.22,16.58,19.22,17.67,16.13,13.93,10.49,1.57,17.8,20.0,4.01
63,21.11,9.75,8.49,3.68,8.91,2.31,12.5,6.03,6.22,13.35,10.11,3.32,5.56,7.52,5.18,17.22,5.91,13.6,11.59,5.88,19.3,3.88,5.81,1.21,3.39,8.2,6.21,4.43,11.87,2.0,6.42,14.06,4.74,20.61,13.44,2.1,21.39,9.94,2.44,5.26,2.33,14.53,10.92,5.7,23.13,5.13,20.25,2.0,5.77,3.2,14.32,6.76,12.46,9.95,15.36,5.13,2.67,14.37,12.48,6.5,4.38,15.88,999.0,6.99,4.92,9.11,4.23,5.09,10.68,5.51,39.83,2.32,7.76,6.55,2.29,9.28,12.23,4.6,11.84,4.21,1.96,12.59,2.0,5.87,1.06,6.37,7.45,4.02,6.2,0.66,4.85,4.93,7.35,11.84,2.0,6.51,14.66,5.44,6.51,19.33
64,21.9,11.5,10.19,3.83,6.38,4.96,17.17,1.48,2.04,6.88,7.24,9.59,6.19,1.11,6.47,17.74,12.53,11.85,14.26,12.37,19.55,10.69,12.35,8.15,5.64,12.82,12.2,5.02,13.03,6.72,13.41,12.2,11.66,22.0,8.46,6.28,22.22,12.12,9.42,2.73,8.32,8.71,4.82,2.23,23.26,11.0,20.93,6.72,12.27,10.15,15.75,3.82,14.82,12.02,14.53,11.0,9.13,9.25,14.8,11.98,9.69,16.92,6.99,999.0,10.28,2.68,10.23,11.31,14.44,11.48,36.68,9.32,12.01,12.06,6.81,13.04,8.17,11.59,5.29,10.58,8.32,7.18,6.72,12.07,7.46,2.55,9.78,9.65,11.99,7.02,11.84,11.46,0.75,5.53,6.72,11.26,15.39,12.41,13.14,19.33
65,25.64,14.41,13.22,8.09,13.7,6.89,15.61,9.86,8.68,17.13,14.9,1.92,10.47,11.14,10.09,21.88,7.67,18.52,15.85,7.93,23.98,5.91,7.8,4.89,8.28,11.83,2.06,5.55,16.55,6.89,5.61,18.97,5.88,24.98,17.9,4.14,25.91,14.47,4.73,9.51,6.53,18.7,14.88,8.25,27.78,8.34,24.82,6.89,2.85,3.83,18.85,8.07,16.78,14.51,20.25,8.34,6.17,18.81,16.83,9.76,0.6,20.46,4.92,10.28,999.0,12.84,1.15,7.87,14.53,8.5,44.74,4.39,11.68,9.76,7.16,13.27,16.88,5.08,15.55,1.88,6.02,16.89,6.89,8.43,3.87,10.61,12.12,7.82,9.2,5.51,5.31,2.48,10.31,15.71,6.89,10.32,19.34,4.72,3.76,24.06
66,20.74,11.25,10.09,5.52,5.19,6.86,17.7,3.09,4.68,4.31,5.67,11.99,6.58,1.7,7.03,16.63,14.17,10.21,14.14,13.94,18.28,12.52,13.94,10.16,6.92,13.55,14.7,7.7,12.42,8.36,15.5,10.5,13.55,21.07,5.91,8.75,21.07,11.97,11.42,3.97,9.98,6.02,2.14,4.91,21.85,12.36,19.77,8.36,14.66,12.3,15.06,6.34,14.54,11.84,13.06,12.36,10.87,6.65,14.5,13.11,12.24,16.03,9.11,2.68,12.84,999.0,12.7,12.79,14.72,12.84,34.23,11.38,12.66,13.2,8.36,13.42,5.95,13.61,2.75,12.98,10.09,4.57,8.36,13.51,9.74,3.01,9.97,11.04,13.25,8.99,13.84,13.83,3.01,2.87,8.36,12.17,14.46,14.54,15.49,17.96
67,24.62,13.44,12.3,7.67,13.12,6.38,14.46,9.65,8.79,17.0,14.33,0.93,9.77,11.01,9.35,20.91,6.52,17.78,14.8,6.78,23.01,4.77,6.65,3.98,7.61,10.72,2.04,5.8,15.59,6.11,4.62,18.23,4.73,23.92,17.52,3.95,24.88,13.48,3.65,9.16,5.57,18.44,14.68,8.33,26.8,7.22,23.82,6.11,2.18,2.69,17.84,8.43,15.74,13.52,19.4,7.22,5.13,18.44,15.78,8.63,1.13,19.46,4.23,10.23,1.15,12.7,999.0,6.73,13.43,7.37,44.02,3.33,10.59,8.64,6.37,12.18,16.4,3.94,15.43,0.77,5.06,16.57,6.11,7.28,3.24,10.28,11.18,6.77,8.07,4.75,4.18,1.57,10.34,15.54,6.11,9.24,18.37,3.67,3.12,23.11
68,18.34,7.84,7.09,7.48,10.47,6.41,7.79,10.02,11.03,16.65,11.52,6.0,6.88,11.49,6.32,14.93,1.57,13.47,8.43,1.2,17.02,1.97,1.26,3.99,5.87,4.07,7.82,9.52,9.89,4.59,4.68,13.92,2.46,17.47,15.58,7.09,18.58,7.6,3.3,8.88,3.03,17.18,14.15,10.52,20.69,0.76,17.61,4.59,6.57,4.04,11.7,11.81,9.4,7.7,14.29,0.76,2.42,16.5,9.46,1.93,7.62,13.36,5.09,11.31,7.87,12.79,6.73,999.0,6.79,0.65,39.23,3.64,4.15,1.92,4.51,5.69,13.92,3.28,15.32,6.11,3.19,15.13,4.59,0.79,5.54,9.79,5.98,1.79,1.34,4.68,3.23,6.06,11.83,15.13,4.59,2.88,12.51,4.44,6.65,17.24
69,11.74,4.13,4.81,11.04,10.26,10.69,3.2,12.96,15.07,17.4,10.73,12.62,8.28,14.09,7.97,8.8,7.67,10.09,2.24,7.22,10.78,8.74,7.38,9.98,9.15,2.73,14.61,14.77,4.96,9.08,11.11,10.44,9.19,10.73,14.84,12.74,11.95,3.33,9.81,11.72,8.39,16.92,15.18,14.66,14.23,6.21,11.09,9.08,13.35,10.76,5.54,16.44,3.1,3.52,9.54,6.21,8.45,15.6,3.19,4.87,14.21,7.13,10.68,14.44,14.53,14.72,13.43,6.79,999.0,6.14,33.83,10.15,2.92,4.89,8.82,1.45,12.88,10.05,16.53,12.86,8.84,15.03,9.08,6.46,11.51,12.09,4.75,6.8,5.51,10.06,9.95,12.86,15.15,16.08,9.08,4.24,6.77,11.12,13.35,11.14
70,17.71,7.3,6.61,7.64,10.26,6.64,7.2,10.14,11.31,16.61,11.27,6.62,6.74,11.6,6.19,14.32,1.96,13.03,7.8,1.51,16.41,2.61,1.62,4.47,5.94,3.42,8.47,9.94,9.32,4.79,5.25,13.48,3.09,16.82,15.39,7.56,17.94,7.02,3.88,8.97,3.33,17.05,14.12,10.81,20.07,0.48,16.98,4.79,7.21,4.68,11.08,12.17,8.77,7.13,13.76,0.48,2.85,16.3,8.83,1.28,8.24,12.74,5.51,11.48,8.5,12.84,7.37,0.65,6.14,999.0,38.7,4.23,3.52,1.27,4.68,5.04,13.68,3.93,15.32,6.76,3.56,15.0,4.79,0.74,6.04,9.84,5.53,1.83,0.72,5.06,3.86,6.71,12.03,15.1,4.79,2.28,11.92,5.07,7.28,16.64
71,23.54,31.4,32.2,36.95,31.23,37.96,35.77,36.14,38.69,31.4,30.06,43.09,34.27,35.57,34.67,25.12,40.63,26.24,31.61,40.17,23.35,40.66,40.3,40.09,36.46,35.92,45.89,41.15,29.44,37.9,43.9,25.78,41.56,25.34,28.34,40.93,23.52,31.73,40.82,35.88,38.67,28.88,32.27,38.76,20.89,38.47,23.7,37.9,45.08,42.04,28.3,40.5,30.73,31.6,24.95,38.47,39.38,27.69,30.64,37.71,44.19,26.79,39.83,36.68,44.74,34.23,44.02,39.23,33.83,38.7,999.0,41.04,35.38,37.78,37.65,34.19,28.54,42.24,32.59,43.84,39.15,29.73,37.9,39.32,40.88,34.97,33.34,38.07,38.37,39.27,42.28,44.32,37.19,32.0,37.9,36.44,27.09,43.48,45.5,22.84
72,21.3,10.16,9.07,5.89,10.63,4.53,11.42,8.32,8.48,15.59,11.82,2.47,7.04,9.82,6.55,17.61,3.97,14.84,11.47,4.06,19.71,1.88,3.96,1.23,5.1,7.47,4.91,6.31,12.31,3.43,4.12,15.3,2.51,20.6,15.42,3.82,21.56,10.17,0.35,7.47,2.38,16.64,13.13,7.96,23.49,4.01,20.49,3.43,4.05,1.05,14.51,8.84,12.41,10.22,16.26,4.01,1.8,16.35,12.45,5.45,4.06,16.14,2.32,9.32,4.39,11.38,3.33,3.64,10.15,4.23,41.04,999.0,7.28,5.47,3.6,8.87,14.06,2.28,14.1,2.9,1.9,14.66,3.43,4.32,2.19,8.56,7.93,3.44,4.95,2.41,2.53,3.28,9.67,14.07,3.43,5.93,15.08,3.17,4.6,19.83
73,14.2,4.11,3.88,8.41,8.82,7.91,5.17,10.55,12.43,15.81,9.57,9.75,6.08,11.8,5.65,10.81,5.33,10.25,4.29,4.86,12.89,6.0,5.0,7.06,6.5,0.93,11.89,11.91,5.94,6.22,8.74,10.67,6.61,13.37,13.81,9.83,14.44,3.66,6.95,9.29,5.46,15.73,13.44,11.99,16.54,3.47,13.46,6.22,10.69,7.96,7.56,13.69,5.25,3.8,10.53,3.47,5.54,14.65,5.31,2.36,11.33,9.22,7.76,12.01,11.68,12.66,10.59,4.15,2.92,3.52,35.38,7.28,999.0,2.42,5.97,1.59,11.93,7.43,14.76,10.06,5.92,13.73,6.22,4.02,8.58,9.83,3.14,3.89,3.04,7.14,7.38,10.13,12.69,14.39,6.22,1.35,8.44,8.59,10.8,13.13
