,1,2,3,4,5,6,7,8,9,10,11,12,13,14,15,16,17,18,19,20,21,22,23,24,25,26,27,28,29,30,31,32,33,34,35,36,37,38,39,40,41,42,43,44,45,46,47,48,49,50,51,52,53,54,55,56,57,58,59,60,61,62,63,64,65,66,67,68,69,70,71,72,73,74,75,76,77,78,79,80,81,82,83,84,85,86,87,88,89,90,91,92,93,94,95,96,97,98,99,100,101,102,103,104,105,106,107,108,109,110,111,112,113,114,115,116,117,118,119,120,121,122,123,124,125,126,127,128,129,130,131,132,133,134,135,136,137,138,139,140,141,142,143,144,145,146,147,148,149,150,151,152,153,154,155,156,157,158,159,160,161,162,163,164,165,166,167,168,169,170,171,172,173,174,175,176,177,178,179,180,181,182,183,184,185,186,187,188,189,190,191,192,193,194,195,196,197,198,199,200
1,999.0,19.51,19.79,20.8,18.61,22.33,24.88,14.29,21.8,23.17,26.26,14.31,23.19,18.24,23.03,23.49,3.87,16.77,22.75,11.67,22.17,22.44,12.27,16.79,21.53,19.97,20.77,26.61,26.69,22.01,5.7,17.78,17.18,24.39,11.74,3.52,26.45,16.98,19.83,23.42,19.3,10.58,18.23,21.1,20.8,10.55,24.43,20.8,16.52,16.84,21.24,4.15,13.67,12.83,21.29,15.8,12.63,1.84,1.77,25.97,24.69,15.83,24.7,8.45,19.62,8.03,20.08,26.58,22.16,11.55,26.87,26.23,18.9,18.09,11.55,24.44,13.34,2.22,22.51,24.14,2.19,21.88,20.57,17.52,24.91,26.02,19.52,18.77,24.16,23.19,27.7,18.1,22.56,19.33,22.42,12.14,27.29,25.24,23.72,26.66,18.14,20.54,15.53,10.53,14.24,26.7,24.85,25.77,24.86,18.1,22.94,20.54,7.82,2.19,2.94,15.91,24.55,18.94,22.08,17.58,18.63,22.08,24.71,27.53,15.98,17.34,26.67,25.0,18.54,14.21,19.46,14.33,2.56,22.23,22.51,20.38,25.69,21.87,23.26,1.64,19.51,23.19,21.14,19.91,1.39,15.3,11.19,1.59,18.17,20.12,26.16,13.0,22.9,9.2,19.71,25.95,24.78,25.11,17.58,21.76,19.14,17.11,17.16,15.39,6.07,21.45,23.89,16.39,18.8,21.74,19.01,20.8,23.67,24.88,19.66,24.78,4.32,21.83,21.97,23.75,15.3,24.35,20.8,14.71,2.52,13.31,17.11,19.3,21.88,15.22,11.96,20.8,25.94,20.8,25.5,24.39,20.03,19.14,17.6,22.34
2,19.51,999.0,13.04,6.93,7.49,18.74,12.35,5.51,8.76,12.12,8.42,8.06,4.33,16.88,6.98,12.36,16.98,4.05,7.42,7.89,12.31,17.47,7.24,12.51,18.94,2.37,5.4,7.5,14.16,9.99,14.88,1.73,2.44,5.33,23.87,17.17,17.62,15.6,0.96,13.63,2.65,9.17,14.84,9.69,6.93,13.5,5.6,6.93,13.19,2.75,11.14,16.87,13.69,8.0,16.25,3.71,8.45,17.96,20.41,8.44,12.89,4.35,18.55,11.6,0.68,12.67,18.06,7.36,9.72,8.22,9.43,7.19,0.97,8.82,8.22,5.07,6.18,19.6,39.68,4.74,17.41,14.31,19.58,6.28,6.73,8.64,17.04,1.83,14.17,4.33,9.08,6.61,13.77,2.17,3.69,14.51,9.57,6.41,5.82,13.83,2.16,1.66,5.24,9.25,6.2,8.86,5.5,13.33,12.73,2.25,5.72,1.66,17.79,17.88,16.83,10.4,13.82,13.28,17.46,10.5,2.79,3.39,5.64,8.9,3.77,5.2,8.43,5.67,18.27,5.42,17.0,12.74,17.21,4.74,3.91,15.47,13.12,4.34,4.53,17.92,3.99,4.33,4.76,15.21,18.12,7.09,8.8,18.36,8.28,18.34,8.2,8.46,3.64,14.88,3.44,7.41,8.96,6.35,10.5,17.23,6.42,12.24,3.6,14.86,14.24,9.8,6.45,3.94,12.92,3.61,8.25,6.93,18.63,13.29,15.23,7.64,17.23,3.85,5.11,7.77,7.09,11.95,6.93,5.11,17.28,8.55,12.24,2.65,14.31,4.73,14.94,6.93,11.82,6.93,9.28,11.38,8.67,6.42,2.95,12.19
3,19.79,13.04,999.0,6.87,5.55,5.7,6.28,10.94,5.81,4.32,12.13,7.51,12.49,4.97,8.91,4.54,15.95,9.7,8.11,12.29,3.03,4.48,12.51,3.01,5.99,10.96,8.41,14.63,7.56,4.81,14.17,12.69,11.82,13.35,16.77,16.29,30.31,4.58,14.0,3.82,10.43,11.93,2.91,4.3,6.87,9.27,12.9,6.87,3.43,11.83,3.0,15.68,6.35,9.38,3.22,12.36,9.15,17.97,19.55,11.56,5.69,10.29,6.04,12.48,12.43,12.15,5.4,14.9,5.22,11.54,11.9,14.19,13.57,4.29,11.54,14.23,12.2,18.46,33.1,14.23,17.79,2.13,6.94,6.91,11.99,11.39,4.48,11.22,4.5,12.49,14.17,6.46,2.82,10.91,12.09,8.04,12.5,13.25,11.21,7.7,11.1,12.15,9.37,11.89,15.23,12.35,14.37,6.82,6.01,11.0,10.2,12.15,23.02,19.48,18.55,4.38,5.06,1.02,4.44,3.03,10.26,11.97,13.49,14.08,11.2,8.08,12.94,14.37,6.31,11.47,4.45,5.49,17.31,10.46,11.9,2.47,6.83,10.5,12.3,18.31,9.17,12.49,9.33,2.3,18.64,7.47,11.14,18.2,4.8,5.69,12.24,8.65,13.24,10.78,9.79,13.03,9.09,13.05,3.03,4.2,6.67,2.68,9.95,5.34,13.98,4.47,10.66,14.61,1.01,11.21,4.81,6.87,5.75,5.72,2.41,10.57,15.63,11.02,9.74,8.95,7.47,5.88,6.87,13.94,17.34,8.19,2.68,10.43,2.13,14.15,8.38,6.87,8.08,6.87,9.8,6.36,4.67,6.67,10.45,3.31
4,20.8,6.93,6.87,999.0,2.42,12.42,5.63,7.64,1.86,5.2,6.11,6.51,5.62,11.53,2.53,5.44,17.38,5.18,2.0,10.11,5.46,10.99,9.9,7.62,12.83,4.59,1.62,8.01,7.57,3.07,15.24,7.25,6.7,6.52,21.46,17.67,24.54,10.63,7.84,6.72,4.33,10.61,9.35,2.86,0.01,11.68,6.1,0.01,8.4,6.87,4.39,17.17,10.23,8.03,9.92,7.88,8.18,19.0,21.14,5.65,6.06,6.22,11.79,12.38,6.25,12.82,12.25,8.24,2.8,9.77,6.37,7.56,7.7,3.68,9.77,7.37,9.08,20.13,37.9,7.36,18.61,7.67,13.8,3.29,5.44,5.6,11.29,5.36,7.25,5.62,8.02,2.7,6.96,4.79,5.24,11.66,6.89,6.55,4.47,7.31,5.54,5.65,5.87,10.63,11.22,6.47,7.52,6.66,5.95,5.47,3.43,5.65,21.6,19.77,18.71,6.33,6.91,7.45,11.07,5.37,4.49,5.14,6.68,7.9,6.81,3.79,6.79,7.53,12.94,8.06,11.26,9.08,18.25,3.59,5.04,9.32,6.47,3.64,5.43,19.16,2.99,5.62,2.51,9.17,19.45,5.5,9.86,19.34,3.24,12.55,6.13,7.8,6.39,13.37,3.49,6.57,3.98,6.35,5.37,10.89,1.66,7.21,5.11,10.52,14.77,2.92,4.08,9.73,7.12,4.39,2.55,0.01,12.04,6.45,9.27,4.45,17.34,4.18,2.87,3.06,5.5,5.17,0.01,9.81,18.29,7.51,7.21,4.33,7.67,9.78,12.12,0.01,5.7,0.01,4.72,4.72,2.22,1.66,5.25,5.31
5,18.61,7.49,5.55,2.42,999.0,11.24,6.76,6.35,3.21,5.61,8.53,4.32,7.48,9.7,4.95,5.92,15.1,4.42,4.41,8.49,5.3,9.99,8.43,5.51,11.48,5.46,3.37,10.24,8.72,3.75,12.99,7.24,6.44,8.53,19.06,15.4,24.87,8.62,8.45,6.76,4.9,8.75,7.56,2.97,2.42,9.27,8.19,2.42,6.28,6.5,4.04,14.89,7.85,6.05,8.76,7.23,6.1,16.8,18.88,8.07,6.89,5.25,11.21,10.28,6.89,10.59,10.68,10.42,3.75,8.01,8.79,9.79,8.04,1.47,8.01,9.25,7.79,17.85,35.49,9.17,16.44,6.93,12.22,1.66,7.75,8.02,9.68,5.68,7.44,7.48,10.41,1.01,6.6,5.37,6.93,9.26,9.31,8.74,6.69,8.57,5.59,6.66,4.55,8.75,10.41,8.89,9.47,7.77,6.91,5.49,5.65,6.66,19.97,17.7,16.67,3.96,7.36,5.84,9.97,3.27,4.71,6.75,8.73,10.27,6.07,2.74,9.19,9.51,11.11,6.85,9.64,6.72,16.05,5.54,6.79,7.99,7.62,5.44,7.34,16.99,3.68,7.48,4.24,7.74,17.28,3.47,7.95,17.12,0.93,10.97,8.53,5.67,8.04,10.96,4.3,8.89,6.3,8.55,3.27,9.74,1.24,5.15,4.58,8.31,12.56,3.26,6.41,9.37,5.49,6.0,0.82,2.42,11.18,7.22,7.78,6.87,15.03,5.86,4.89,5.47,3.47,6.22,2.42,9.03,16.1,5.32,5.15,4.9,6.93,9.13,9.71,2.42,7.42,2.42,7.07,6.03,1.7,1.24,5.0,5.27
6,22.33,18.74,5.7,12.42,11.24,999.0,9.91,16.26,11.07,8.39,17.0,12.58,18.0,4.09,14.16,8.4,18.51,15.31,13.35,17.17,7.38,1.6,17.53,7.12,1.12,16.65,14.01,19.78,10.15,9.86,17.18,18.34,17.45,18.76,16.06,18.86,35.91,5.43,19.69,6.88,16.13,16.51,4.7,9.64,12.42,12.18,18.26,12.42,6.84,17.44,8.12,18.22,9.01,14.28,2.5,17.87,13.94,20.64,21.67,16.41,9.06,15.81,3.07,16.41,18.13,15.69,2.34,20.1,10.27,16.33,16.54,19.37,19.25,9.95,16.33,19.69,17.4,20.59,31.4,19.73,20.61,4.92,2.78,12.57,17.18,16.2,2.83,16.92,7.01,18.0,19.01,12.14,6.0,16.61,17.66,10.28,17.13,18.51,16.54,10.5,16.78,17.83,14.83,16.45,20.54,17.13,19.79,9.88,9.45,16.68,15.59,17.83,26.94,22.54,21.77,9.29,7.83,5.56,1.38,8.46,15.95,17.56,18.86,18.95,16.74,13.73,17.84,19.77,4.14,16.79,2.9,8.83,20.1,15.97,17.45,3.28,10.01,16.05,17.78,21.07,14.86,18.0,14.92,3.62,21.4,12.81,15.8,20.77,10.48,2.39,17.16,13.47,18.81,13.2,15.48,18.13,13.86,18.31,8.46,1.53,12.36,7.14,15.59,7.06,17.2,9.7,15.91,20.14,5.92,16.8,10.5,12.42,1.71,8.82,3.68,15.6,18.01,16.6,15.25,14.03,12.81,9.77,12.42,19.32,20.11,13.04,7.14,16.13,4.92,19.58,10.4,12.42,11.88,12.42,14.45,10.47,10.27,12.36,16.11,7.64
7,24.88,12.35,6.28,5.63,6.76,9.91,999.0,13.01,3.82,1.96,7.47,10.9,9.76,11.0,5.69,1.75,21.18,10.73,5.04,15.25,3.24,8.31,15.17,8.86,10.74,9.98,6.98,10.51,1.98,3.01,19.18,12.86,12.33,10.11,23.03,21.5,29.83,10.85,13.2,3.04,9.87,15.46,9.14,3.87,5.63,14.73,9.53,5.63,9.49,12.51,3.75,20.93,12.24,12.74,7.85,13.49,12.73,23.04,24.92,6.88,0.87,11.72,8.03,16.79,11.67,16.89,10.82,10.87,3.03,14.75,6.8,10.16,13.2,6.85,14.75,11.15,14.46,23.84,39.38,11.3,22.75,5.29,12.18,8.32,8.12,6.64,10.15,10.93,2.95,9.76,9.36,7.63,4.07,10.31,9.74,13.93,7.37,9.5,7.9,1.82,11.16,10.88,11.2,15.46,16.81,7.5,11.1,1.04,0.51,11.09,7.25,10.88,26.72,24.18,23.17,9.03,2.17,7.29,8.59,7.39,10.11,9.8,10.1,9.33,12.39,9.18,8.29,11.03,12.2,13.48,10.15,11.21,22.32,8.03,9.48,7.82,0.87,8.32,9.49,23.3,8.58,9.76,7.6,7.98,23.61,10.19,14.66,23.33,6.88,11.09,7.67,12.26,10.79,16.38,9.01,8.83,4.44,9.32,7.39,8.57,6.91,8.43,10.71,11.56,18.84,3.53,7.12,15.36,7.18,9.17,6.11,5.63,8.83,1.22,8.22,6.39,20.98,8.91,7.43,5.14,10.19,0.54,5.63,15.4,22.36,11.86,8.43,9.87,5.29,15.4,14.33,5.63,1.98,5.63,4.84,0.98,5.08,6.91,10.88,2.97
8,14.29,5.51,10.94,7.64,6.35,16.26,13.01,999.0,9.24,11.96,12.18,3.76,8.9,13.45,9.32,12.27,11.52,2.64,9.28,2.69,11.56,15.32,2.3,9.23,16.15,5.69,7.01,12.32,14.99,10.05,9.4,3.91,3.07,10.1,18.55,11.73,19.91,11.96,6.1,13.04,5.04,3.74,11.74,9.32,7.64,8.3,10.15,7.64,9.72,2.77,10.31,11.4,9.23,2.76,13.98,2.18,3.24,12.65,15.05,11.97,13.22,1.59,16.96,6.12,5.46,7.16,14.99,12.3,9.98,2.77,12.92,11.94,5.19,6.91,2.77,10.19,1.45,14.19,34.19,9.91,12.14,12.79,16.37,4.72,10.71,12.07,13.98,4.49,13.74,8.9,13.46,5.4,12.72,5.04,8.13,9.65,13.27,10.96,9.55,14.79,3.86,6.29,1.82,3.81,4.3,12.63,10.6,14.04,13.22,3.81,8.87,6.29,13.99,12.86,11.79,6.99,13.71,10.75,15.19,7.91,4.37,7.79,10.42,13.29,1.75,3.87,12.5,10.74,14.7,0.54,13.93,8.52,11.89,8.07,8.22,13.04,13.88,7.68,8.97,12.66,5.47,8.9,7.13,12.66,12.9,3.47,3.3,13.03,6.57,15.23,12.05,3.44,8.65,9.53,5.54,11.71,11.3,10.84,7.91,14.9,6.13,9.14,2.95,10.82,8.77,9.6,9.83,4.24,10.41,7.47,7.12,7.64,16.64,13.56,12.57,10.84,11.74,7.58,7.93,10.13,3.47,12.49,7.64,3.07,11.95,3.71,9.14,5.04,12.79,3.4,10.04,7.64,13.33,7.64,11.92,12.2,8.05,6.13,3.32,11.57
9,21.8,8.76,5.81,1.86,3.21,11.07,3.82,9.24,999.0,3.38,6.38,7.53,6.99,10.71,3.12,3.61,18.24,6.91,2.31,11.58,3.82,9.57,11.44,7.25,11.6,6.41,3.38,8.82,5.79,1.3,16.15,9.1,8.53,7.69,21.48,18.55,26.36,10.02,9.66,4.96,6.18,11.93,8.56,1.51,1.86,12.17,7.2,1.86,8.02,8.7,2.95,18.02,10.26,9.24,8.62,9.66,9.31,19.98,22.02,5.82,4.2,7.91,10.16,13.49,8.09,13.77,11.18,9.11,0.96,11.15,6.3,8.4,9.55,3.87,11.15,8.64,10.69,20.98,37.96,8.7,19.63,6.19,12.71,4.62,6.19,5.69,10.28,7.22,5.44,6.99,8.41,3.93,5.33,6.64,6.74,11.83,6.89,7.48,5.48,5.56,7.39,7.42,7.43,11.93,12.99,6.64,8.73,4.86,4.11,7.32,4.53,7.42,23.08,20.91,19.88,6.51,5.06,6.57,9.69,5.15,6.35,6.7,7.79,8.31,8.57,5.39,7.17,8.71,12.09,9.69,10.26,9.13,19.24,5.0,6.51,8.14,4.68,5.16,6.75,20.18,4.85,6.99,4.17,8.07,20.48,6.66,11.14,20.29,3.66,11.48,6.47,8.88,7.88,13.86,5.34,7.23,3.53,7.28,5.15,9.55,3.12,6.81,6.88,10.19,15.74,1.37,4.87,11.56,6.29,5.97,2.81,1.86,10.52,4.59,8.21,4.78,18.14,5.74,4.29,3.16,6.66,3.34,1.86,11.58,19.28,8.53,6.81,6.18,6.19,11.57,12.27,1.86,4.21,1.86,4.3,2.96,1.86,3.12,7.07,3.63
10,23.17,12.12,4.32,5.2,5.61,8.39,1.96,11.96,3.38,999.0,8.63,9.45,10.19,9.11,6.11,0.32,19.43,9.9,5.34,14.01,1.29,6.81,14.01,6.93,9.12,9.78,6.76,11.5,3.52,2.13,17.47,12.37,11.72,10.74,21.07,19.76,29.73,8.9,13.03,1.66,9.52,14.08,7.2,2.66,5.2,12.9,10.2,5.2,7.54,11.85,1.94,19.18,10.33,11.35,6.15,12.72,11.29,21.34,23.14,8.04,1.52,10.82,6.97,15.23,11.45,15.23,9.05,11.84,2.42,13.44,8.15,11.11,12.89,5.36,13.44,11.75,13.39,22.06,37.43,11.85,21.07,3.55,10.48,7.26,8.96,7.82,8.32,10.53,2.06,10.19,10.62,6.58,2.39,9.98,10.02,12.03,8.75,10.32,8.49,3.55,10.65,10.8,10.16,14.06,15.98,8.75,11.77,2.64,1.75,10.57,7.66,10.8,25.38,22.57,21.58,7.27,1.76,5.33,7.02,5.6,9.63,10.02,10.79,10.57,11.58,8.26,9.47,11.73,10.34,12.46,8.32,9.31,20.63,8.27,9.78,6.0,2.6,8.47,9.94,21.61,8.17,10.19,7.54,6.12,21.93,8.88,13.26,21.61,5.51,9.34,8.8,10.8,11.14,14.53,8.69,9.83,5.48,10.13,5.6,6.96,6.09,6.51,9.96,9.6,17.16,2.42,7.77,14.74,5.22,9.31,4.86,5.2,7.53,1.72,6.34,7.3,19.2,9.07,7.58,5.8,8.88,1.57,5.2,14.58,20.66,10.38,6.51,9.52,3.55,14.63,12.41,5.2,3.79,5.2,6.06,2.15,3.92,6.09,10.24,1.01
11,26.26,8.42,12.13,6.11,8.53,17.0,7.47,12.18,6.38,8.63,999.0,12.3,4.18,17.07,3.58,8.66,23.07,9.57,4.23,14.87,9.65,15.43,14.44,13.55,17.68,6.73,5.57,3.12,8.43,7.33,20.91,9.8,9.87,3.67,27.57,23.34,24.13,16.4,8.87,10.23,7.22,15.74,14.93,7.88,6.11,17.72,3.13,6.11,14.33,10.19,9.16,22.89,16.33,13.48,14.68,11.38,13.74,24.53,26.8,0.6,8.33,10.59,15.46,17.84,7.9,18.49,17.42,3.52,6.92,14.8,1.13,2.85,9.38,9.77,14.8,4.62,13.43,25.83,44.02,4.92,24.08,12.1,18.92,9.01,1.7,0.83,16.57,8.07,10.34,4.18,2.04,8.59,11.01,7.37,4.73,17.78,1.15,2.61,2.69,7.99,8.64,6.78,10.75,15.78,14.46,0.45,4.38,8.01,7.97,8.63,3.33,6.78,25.86,24.99,23.92,12.44,9.61,12.94,15.63,11.36,7.85,5.02,3.48,1.95,10.72,8.96,0.84,4.24,18.44,12.41,16.56,15.18,23.76,4.12,4.5,14.35,7.8,4.53,3.94,24.62,6.77,4.18,5.13,14.34,24.88,11.18,15.08,24.89,9.35,17.72,0.27,13.44,5.16,19.4,6.64,1.57,3.15,2.51,11.36,15.54,7.55,13.12,9.24,16.49,20.38,7.67,2.37,12.32,12.67,4.95,8.62,6.11,16.14,8.68,14.5,1.67,23.11,4.77,4.29,3.24,11.18,7.42,6.11,13.2,23.82,13.24,13.12,7.22,12.1,12.93,18.23,6.11,5.8,6.11,2.63,6.67,8.0,7.55,8.93,9.38
12,14.31,8.06,7.51,6.51,4.32,12.58,10.9,3.76,7.53,9.45,12.3,999.0,10.09,9.68,8.86,9.77,10.87,4.02,8.49,4.79,8.75,11.75,5.01,5.5,12.42,7.09,6.73,13.35,12.82,7.91,8.73,6.89,5.9,11.29,16.03,11.16,23.67,8.21,8.88,10.19,6.32,4.64,8.0,7.03,6.51,5.69,11.14,6.51,5.96,5.73,7.58,10.67,5.69,1.93,10.39,5.7,1.84,12.5,14.64,11.92,10.88,3.88,13.53,5.96,7.72,6.31,11.24,13.43,7.99,4.09,12.75,12.91,8.11,4.09,4.09,11.71,4.81,13.63,32.2,11.52,12.13,9.51,12.6,3.3,11.17,11.93,10.24,6.42,10.94,10.09,13.98,3.81,9.67,6.61,9.37,6.46,13.22,11.85,10.0,12.72,5.92,8.12,2.87,4.62,7.98,12.7,12.05,11.87,10.97,5.84,9.07,8.12,15.94,13.39,12.35,3.29,11.08,7.17,11.58,4.49,5.73,9.07,11.57,13.82,4.76,3.51,12.83,12.14,10.94,4.28,10.18,4.85,11.75,8.58,9.34,9.42,11.75,8.3,10.05,12.68,5.89,10.09,7.31,9.02,12.97,1.15,3.82,12.83,4.01,11.47,12.24,1.37,10.24,7.27,6.32,12.3,10.49,11.68,4.49,11.28,4.87,5.44,4.48,7.12,8.27,7.36,9.98,7.93,6.85,8.49,4.81,6.51,13.09,11.16,8.91,10.71,10.85,8.47,8.13,9.52,1.15,10.35,6.51,6.83,11.8,1.01,5.44,6.32,9.51,7.16,6.9,6.51,11.72,6.51,11.23,10.27,5.85,4.87,5.14,8.83
13,23.19,4.33,12.49,5.62,7.48,18.0,9.76,8.9,6.99,10.19,4.18,10.09,999.0,17.09,4.1,10.34,20.31,6.52,4.85,11.55,10.81,16.53,11.01,12.99,18.45,3.23,4.15,3.42,11.27,8.26,18.15,5.88,6.16,1.22,26.05,20.54,20.37,16.09,4.7,11.84,3.94,12.63,14.92,8.36,5.62,15.77,1.29,5.62,13.76,6.49,9.89,20.16,15.1,10.78,15.51,7.66,11.14,21.54,23.92,4.32,10.49,7.38,17.11,14.93,3.9,15.79,17.87,3.42,7.88,11.66,5.26,3.04,5.28,8.94,11.66,1.77,9.95,23.03,42.28,1.74,21.04,13.16,19.42,7.15,2.49,4.55,16.91,4.44,12.2,0.01,4.76,7.04,12.31,3.86,0.77,16.29,5.31,2.12,1.94,10.88,5.07,2.81,7.85,12.69,10.5,4.6,2.01,10.6,10.22,5.1,2.53,2.81,22.05,21.73,20.66,11.3,11.64,13.05,16.63,10.73,4.61,1.11,1.52,4.59,7.24,6.58,4.1,2.08,18.5,9.01,16.88,14.0,20.78,2.03,0.74,14.93,10.37,2.04,0.28,21.57,4.23,0.01,3.24,14.79,21.8,8.95,12.09,21.92,8.41,18.16,3.94,10.96,1.08,17.35,3.77,3.08,5.58,2.03,10.73,16.47,6.25,12.61,6.09,15.76,17.56,8.32,2.74,8.27,12.72,1.6,7.95,5.62,17.5,10.89,14.89,3.82,20.45,1.65,2.76,4.64,8.95,9.49,5.62,9.34,20.84,10.88,12.61,3.94,13.16,9.01,16.75,5.62,8.68,5.62,5.64,8.79,7.83,6.25,5.6,10.6
14,18.24,16.88,4.97,11.53,9.7,4.09,11.0,13.45,10.71,9.11,17.07,9.68,17.09,999.0,13.76,9.26,14.42,13.06,12.98,13.9,7.84,4.47,14.35,4.39,3.34,15.1,12.93,19.47,11.92,9.77,13.15,16.16,15.2,18.04,12.63,14.78,33.36,1.56,17.82,8.12,14.46,13.04,2.18,9.2,11.53,8.21,17.63,11.53,3.76,15.11,7.97,14.14,5.13,11.12,3.74,15.32,10.72,16.56,17.58,16.5,10.29,13.34,6.73,12.62,16.36,11.79,1.88,19.72,10.18,13.02,16.87,19.03,17.23,8.24,13.02,18.86,14.4,16.5,28.61,18.81,16.54,5.82,2.96,10.62,16.84,16.35,1.34,15.06,8.59,17.09,19.11,10.39,7.02,14.9,16.6,6.24,17.47,18.05,15.98,12.16,14.78,16.3,12.31,12.97,17.6,17.3,19.04,11.35,10.65,14.68,14.95,16.3,23.04,18.48,17.73,6.59,9.35,4.14,4.06,6.46,14.13,16.43,18.21,19.01,14.27,11.69,17.87,19.06,1.41,13.96,1.28,5.22,16.03,15.08,16.44,3.29,11.41,15.06,16.92,17.0,13.35,17.09,13.85,3.04,17.32,10.2,12.4,16.68,8.8,2.0,17.17,10.3,17.72,9.14,13.97,17.91,14.06,17.85,6.46,3.78,10.93,4.64,13.43,3.12,13.2,9.41,15.49,17.58,4.43,15.68,9.14,11.53,5.53,10.21,2.79,15.49,13.92,15.52,14.38,13.87,10.2,10.67,11.53,16.51,16.03,9.9,4.64,14.46,5.82,16.85,6.33,11.53,12.9,11.53,14.77,11.23,9.33,10.93,14.03,8.13
15,23.03,6.98,8.91,2.53,4.95,14.16,5.69,9.32,3.12,6.11,3.58,8.86,4.1,13.76,999.0,6.25,19.72,6.69,0.81,11.95,6.84,12.65,11.62,10.05,14.71,4.71,2.32,5.72,7.32,4.31,17.56,7.86,7.6,4.64,23.99,19.99,24.21,12.97,7.74,7.77,4.87,12.64,11.59,4.62,2.53,14.18,4.11,2.53,10.83,7.87,6.07,19.52,12.75,10.2,11.73,9.02,10.41,21.26,23.47,3.12,6.39,7.76,13.07,14.59,6.32,15.14,14.29,5.99,3.9,11.74,3.89,5.29,7.9,6.19,11.74,5.64,10.69,22.48,40.44,5.73,20.84,9.26,15.82,5.56,3.09,3.09,13.38,5.91,8.11,4.1,5.51,5.08,8.32,5.2,4.06,14.2,4.39,4.36,2.39,6.95,6.33,5.38,7.69,12.67,12.32,3.94,5.68,6.57,6.14,6.29,1.57,5.38,23.28,21.89,20.82,8.86,7.54,9.62,12.79,7.82,5.34,4.13,4.71,5.39,8.12,5.72,4.27,5.64,15.15,9.65,13.36,11.61,20.5,2.37,3.79,11.26,6.35,2.7,3.84,21.39,3.91,4.1,2.37,11.18,21.66,7.78,11.93,21.61,5.77,14.59,3.6,10.08,5.11,15.86,4.06,4.16,2.06,4.16,7.82,12.65,4.02,9.62,6.46,12.97,17.06,4.49,1.75,10.47,9.32,3.54,5.05,2.53,13.54,6.8,11.32,1.92,19.71,3.28,1.86,0.84,7.78,5.4,2.53,10.95,20.55,9.83,9.62,4.87,9.26,10.8,14.65,2.53,4.86,2.53,2.6,4.71,4.5,4.02,6.35,6.61
16,23.49,12.36,4.54,5.44,5.92,8.4,1.75,12.27,3.61,0.32,8.66,9.77,10.34,9.26,6.25,999.0,19.73,10.2,5.49,14.33,1.51,6.81,14.32,7.2,9.16,10.01,6.99,11.57,3.22,2.39,17.78,12.63,12.0,10.87,21.3,20.07,29.97,9.1,13.27,1.57,9.77,14.4,7.39,2.96,5.44,13.2,10.31,5.44,7.8,12.13,2.25,19.48,10.6,11.67,6.22,13.01,11.61,21.65,23.45,8.06,1.22,11.12,6.87,15.55,11.69,15.54,9.15,11.91,2.65,13.76,8.14,11.18,13.14,5.68,13.76,11.88,13.7,22.37,37.64,11.99,21.38,3.62,10.55,7.57,9.04,7.84,8.44,10.79,1.87,10.34,10.64,6.89,2.43,10.23,10.2,12.3,8.74,10.42,8.62,3.26,10.92,11.02,10.47,14.39,16.28,8.76,11.89,2.36,1.49,10.84,7.81,11.02,25.7,22.89,21.9,7.58,1.48,5.55,7.05,5.91,9.89,10.2,10.91,10.58,11.87,8.56,9.5,11.84,10.48,12.77,8.44,9.6,20.94,8.45,9.95,6.12,2.33,8.66,10.09,21.92,8.43,10.34,7.75,6.25,22.24,9.2,13.59,21.92,5.83,9.43,8.83,11.12,11.31,14.82,8.94,9.89,5.52,10.23,5.91,7.0,6.38,6.78,10.25,9.84,17.48,2.71,7.89,15.02,5.46,9.5,5.17,5.44,7.48,1.4,6.49,7.37,19.51,9.26,7.77,5.9,9.2,1.42,5.44,14.88,20.97,10.7,6.78,9.77,3.62,14.93,12.68,5.44,3.65,5.44,6.07,2.08,4.23,6.38,10.52,1.25
17,3.87,16.98,15.95,17.38,15.1,18.51,21.18,11.52,18.24,19.43,23.07,10.87,20.31,14.42,19.72,19.73,999.0,13.79,19.36,9.13,18.39,18.58,9.83,12.94,17.73,17.09,17.52,23.72,22.94,18.36,2.17,15.29,14.56,21.53,9.82,0.36,26.5,13.13,17.44,19.61,16.38,7.81,14.36,17.44,17.38,6.69,21.51,17.38,12.65,14.24,17.49,0.29,9.8,9.62,17.43,13.32,9.34,2.13,3.78,22.74,20.94,12.96,20.83,5.41,16.98,4.59,16.27,23.73,18.53,8.77,23.6,23.31,16.5,14.45,8.77,21.7,10.85,2.76,23.28,21.43,2.21,18.02,16.83,14.16,21.82,22.76,15.68,15.98,20.34,20.31,24.63,14.68,18.73,16.48,19.55,8.28,24.05,22.29,20.63,22.94,15.36,17.8,12.49,7.73,12.5,23.49,22.09,22.04,21.13,15.31,19.78,17.8,9.86,4.26,3.85,12.16,20.75,15.08,18.22,13.83,15.7,19.21,21.84,24.47,13.27,14.12,23.55,22.23,14.78,11.56,15.62,10.47,1.7,19.15,19.6,16.51,21.97,18.82,20.34,2.6,16.4,20.31,17.98,16.04,2.92,11.94,8.25,2.28,14.59,16.32,23.0,9.64,20.15,5.34,16.68,22.9,21.36,22.15,13.83,17.9,15.74,13.27,14.22,11.53,2.76,17.79,20.72,14.36,14.95,18.79,15.44,17.38,19.82,21.13,15.79,21.53,0.72,18.85,18.82,20.39,11.94,20.65,17.38,12.62,1.69,9.89,13.27,16.38,18.02,13.16,8.12,17.38,22.33,17.38,22.1,20.73,16.43,15.74,14.74,18.57
18,16.77,4.05,9.7,5.18,4.42,15.31,10.73,2.64,6.91,9.9,9.57,4.02,6.52,13.06,6.69,10.2,13.79,999.0,6.69,5.3,9.71,14.18,4.93,8.68,15.38,3.32,4.39,9.93,12.69,7.87,11.63,3.1,2.15,7.75,19.96,14.02,20.61,11.71,4.91,11.16,2.59,6.19,11.11,7.25,5.18,9.58,7.71,5.18,9.32,2.13,8.46,13.64,9.65,4.28,12.89,2.82,4.67,15.07,17.42,9.34,11.03,1.07,15.57,8.42,3.7,9.27,14.38,9.94,7.73,5.24,10.29,9.52,4.2,5.42,5.24,7.99,4.0,16.52,35.97,7.75,14.59,11.3,15.86,2.83,8.15,9.43,13.36,2.42,11.82,6.52,10.93,3.41,11.02,2.74,5.76,10.48,10.65,8.51,6.97,12.46,1.91,4.2,1.34,6.24,6.1,10.02,8.36,11.76,10.98,1.82,6.25,4.2,16.59,15.43,14.36,6.49,11.67,9.75,14.11,6.87,1.92,5.43,8.05,10.76,1.67,1.68,9.93,8.48,14.42,2.96,13.31,8.71,14.31,5.48,5.81,12.02,11.58,5.11,6.55,15.13,2.84,6.52,4.5,11.7,15.38,3.04,5.59,15.45,4.94,14.64,9.45,4.57,6.46,11.05,2.95,9.18,8.69,8.37,6.87,13.85,3.84,8.47,0.47,10.87,11.04,7.48,7.21,4.96,9.39,5.0,5.24,5.18,15.44,11.4,11.68,8.21,13.93,5.07,5.3,7.51,3.04,10.23,5.18,4.69,14.37,4.59,8.47,2.59,11.3,4.73,10.92,5.18,10.86,5.18,9.3,9.86,6.02,3.84,1.12,9.66
19,22.75,7.42,8.11,2.0,4.41,13.35,5.04,9.28,2.31,5.34,4.23,8.49,4.85,12.98,0.81,5.49,19.36,6.69,999.0,11.85,6.03,11.84,11.57,9.34,13.9,5.09,2.33,6.51,6.76,3.5,17.22,8.16,7.81,5.44,23.37,19.65,24.8,12.23,8.23,6.99,5.13,12.46,10.82,3.82,2.0,13.67,4.92,2.0,10.11,8.05,5.26,19.16,12.12,9.94,10.92,9.16,10.12,20.96,23.13,3.72,5.7,7.76,12.28,14.32,6.75,14.8,13.49,6.8,3.1,11.59,4.38,6.08,8.31,5.56,11.59,6.42,10.68,22.12,39.83,6.51,20.56,8.45,15.02,5.22,3.88,3.64,12.59,6.2,7.35,4.85,6.21,4.68,7.52,5.51,4.74,13.6,4.92,5.17,3.2,6.42,6.55,5.88,7.58,12.48,12.5,4.54,6.48,5.97,5.47,6.5,2.32,5.88,23.26,21.67,20.61,8.25,6.81,8.84,11.98,7.13,5.52,4.78,5.52,6.1,8.2,5.54,4.97,6.44,14.37,9.64,12.57,10.98,20.2,3.01,4.48,10.45,5.75,3.28,4.6,21.11,4.02,4.85,2.67,10.38,21.39,7.45,11.72,21.3,5.18,13.79,4.28,9.75,5.83,15.36,4.29,4.93,2.05,4.97,7.13,11.84,3.62,8.91,6.51,12.27,16.74,3.68,2.56,10.75,8.55,4.13,4.41,2.0,12.73,6.11,10.52,2.57,19.33,3.88,2.39,1.06,7.45,4.71,2.0,11.11,20.25,9.48,8.91,5.13,8.45,11.0,14.06,2.0,4.43,2.0,2.75,4.05,3.78,3.62,6.47,5.8
20,11.67,7.89,12.29,10.11,8.49,17.17,15.25,2.69,11.58,14.01,14.87,4.79,11.55,13.9,11.95,14.33,9.13,5.3,11.85,999.0,13.43,16.45,0.74,10.06,16.9,8.35,9.63,14.96,17.22,12.24,7.09,6.17,5.52,12.74,16.99,9.3,20.01,12.35,8.31,14.9,7.72,1.45,12.49,11.44,10.11,7.28,12.8,10.11,10.37,5.18,12.22,9.04,9.1,2.92,15.09,4.2,3.23,10.08,12.52,14.65,15.36,4.28,18.3,3.86,7.95,5.12,15.61,14.92,12.23,0.9,15.6,14.59,7.37,8.71,0.9,12.77,1.72,11.72,32.16,12.47,9.54,14.3,16.85,6.96,13.4,14.74,14.65,7.11,15.63,11.55,16.14,7.65,14.43,7.7,10.78,9.03,15.95,13.62,12.24,17.06,6.48,8.87,4.27,1.55,4.17,15.31,13.18,16.26,15.4,6.45,11.56,8.87,11.5,10.19,9.12,7.98,15.7,11.9,16.25,9.28,7.06,10.44,13.05,15.98,4.31,6.33,15.19,13.33,15.0,2.54,14.59,8.7,9.33,10.76,10.88,14.11,16.12,10.37,11.63,10.06,8.14,11.55,9.8,13.68,10.28,5.13,1.63,10.47,8.5,15.81,14.74,3.7,11.23,8.12,8.23,14.39,13.89,13.5,9.28,15.95,8.51,10.08,5.63,10.97,6.43,11.75,12.51,5.42,11.59,10.15,9.18,10.11,17.8,15.67,13.55,13.51,9.43,10.26,10.6,12.74,5.13,14.72,10.11,3.71,9.39,4.15,10.08,7.72,14.3,4.24,9.34,10.11,15.75,10.11,14.53,14.5,10.18,8.51,6.0,13.48
21,22.17,12.31,3.03,5.46,5.3,7.38,3.24,11.56,3.82,1.29,9.65,8.75,10.81,7.84,6.84,1.51,18.39,9.71,6.03,13.43,999.0,5.83,13.5,5.73,8.03,10.02,7.08,12.41,4.64,2.54,16.48,12.37,11.65,11.47,19.79,18.73,29.91,7.61,13.25,1.48,9.66,13.38,5.91,2.63,5.46,11.8,10.95,5.46,6.3,11.75,1.26,18.13,9.13,10.67,5.03,12.52,10.57,20.34,22.08,9.06,2.7,10.55,6.34,14.38,11.65,14.29,7.86,12.73,2.94,12.81,9.26,12.0,13.01,4.73,12.81,12.44,12.96,21.0,36.14,12.51,20.09,2.46,9.32,6.95,9.81,8.86,7.09,10.63,2.2,10.81,11.67,6.31,1.51,10.14,10.56,10.83,9.86,11.15,9.23,4.73,10.67,11.11,9.8,13.36,15.7,9.8,12.51,3.84,2.99,10.58,8.32,11.11,24.68,21.65,20.67,6.28,2.39,4.04,6.0,4.61,9.68,10.51,11.55,11.6,11.36,8.03,10.48,12.48,9.09,12.08,7.09,8.15,19.64,8.82,10.33,4.79,3.83,8.97,10.57,20.63,8.32,10.81,7.94,4.87,20.95,8.31,12.57,20.6,4.99,8.15,9.8,10.07,11.7,13.41,8.88,10.75,6.51,10.96,4.61,5.9,6.02,5.31,9.83,8.33,16.2,2.55,8.56,14.64,3.95,9.78,4.49,5.46,6.7,2.79,5.08,8.22,18.14,9.55,8.11,6.65,8.31,2.86,5.46,14.32,19.67,9.63,5.31,9.66,2.46,14.42,11.21,5.46,5.08,5.46,7.15,3.39,3.73,6.02,10.18,0.29
22,22.44,17.47,4.48,10.99,9.99,1.6,8.31,15.32,9.57,6.81,15.43,11.75,16.53,4.47,12.65,6.81,18.58,14.18,11.84,16.45,5.83,999.0,16.75,6.44,2.51,15.32,12.6,18.24,8.6,8.34,17.11,17.17,16.31,17.26,16.96,18.93,34.79,5.48,18.42,5.29,14.84,15.9,4.29,8.17,10.99,12.06,16.76,10.99,6.33,16.32,6.64,18.29,8.86,13.53,1.36,16.83,13.23,20.69,21.89,14.84,7.46,14.76,2.28,16.03,16.85,15.43,3.16,18.56,8.75,15.64,14.95,17.83,18.03,8.77,15.64,18.21,16.53,20.8,32.59,18.26,20.62,3.39,4.12,11.39,15.64,14.62,3.14,15.67,5.42,16.53,17.43,10.93,4.42,15.32,16.22,10.3,15.55,16.98,15.03,8.94,15.56,16.49,13.81,15.85,19.62,15.55,18.3,8.3,7.85,15.47,14.1,16.49,26.63,22.48,21.66,8.47,6.25,4.58,0.42,7.42,14.7,16.14,17.35,17.37,15.68,12.56,16.27,18.27,4.98,15.86,3.19,8.47,20.12,14.52,16.01,2.34,8.43,14.62,16.31,21.1,13.54,16.53,13.5,2.79,21.43,11.85,15.16,20.85,9.28,3.35,15.59,12.75,17.37,13.24,14.15,16.58,12.28,16.78,7.42,0.69,11.05,6.37,14.43,7.05,17.06,8.22,14.38,19.08,4.92,15.38,9.22,10.99,1.35,7.23,2.97,14.04,18.13,15.17,13.79,12.48,11.85,8.17,10.99,18.36,20.13,12.3,6.37,14.84,3.39,18.59,10.48,10.99,10.29,10.99,12.87,8.88,8.9,11.05,14.93,6.08
23,12.27,7.24,12.51,9.9,8.43,17.53,15.17,2.3,11.44,14.01,14.44,5.01,11.01,14.35,11.62,14.32,9.83,4.93,11.57,0.74,13.5,16.75,999.0,10.41,17.29,7.84,9.31,14.42,17.14,12.18,7.81,5.52,4.92,12.19,17.73,9.99,19.39,12.81,7.63,14.97,7.24,2.2,12.87,11.4,9.9,7.95,12.28,9.9,10.76,4.58,12.27,9.75,9.65,3.25,15.39,3.54,3.63,10.71,13.17,14.24,15.32,3.87,18.54,4.59,7.35,5.86,16.03,14.36,12.14,1.53,15.21,14.05,6.69,8.77,1.53,12.18,1.07,12.39,32.89,11.87,10.17,14.48,17.3,6.85,12.94,14.35,15.06,6.57,15.69,11.01,15.66,7.54,14.55,7.19,10.25,9.66,15.54,13.1,11.79,16.97,5.94,8.29,4.04,2.29,3.5,14.89,12.6,16.19,15.34,5.92,11.15,8.29,11.7,10.72,9.66,8.27,15.72,12.18,16.57,9.49,6.6,9.91,12.5,15.49,3.77,6.11,14.73,12.75,15.49,2.03,15.0,9.18,9.97,10.32,10.36,14.42,16.04,9.92,11.1,10.68,7.76,11.01,9.42,14.0,10.89,5.19,2.29,11.11,8.52,16.24,14.3,4.07,10.65,8.84,7.81,13.9,13.6,12.99,9.49,16.26,8.35,10.4,5.22,11.47,7.14,11.7,12.1,4.68,11.86,9.65,9.15,9.9,18.09,15.65,13.88,13.13,10.14,9.78,10.21,12.43,5.19,14.64,9.9,2.97,10.04,4.5,10.4,7.24,14.48,3.5,9.98,9.9,15.58,9.9,14.22,14.39,10.13,8.35,5.52,13.53
24,16.79,12.51,3.01,7.62,5.51,7.12,8.86,9.23,7.25,6.93,13.55,5.5,12.99,4.39,10.05,7.2,12.94,8.68,9.34,10.06,5.73,6.44,10.41,999.0,6.93,10.78,8.85,15.63,10.37,6.67,11.19,11.78,10.82,14.02,14.32,13.29,29.08,3.13,13.44,6.76,10.12,9.46,2.51,5.87,7.62,6.26,13.65,7.62,0.78,10.75,5.17,12.68,3.41,7.16,5.1,11.0,6.83,14.98,16.55,13.02,8.42,8.99,8.46,9.69,12.0,9.25,5.77,15.84,7.01,9.23,13.55,15.18,12.84,4.04,9.23,14.76,10.31,15.45,30.78,14.68,14.8,5.09,7.2,6.26,13.06,12.91,4.76,10.68,7.47,12.99,15.54,6.09,5.81,10.56,12.44,5.11,14.13,14.16,12.08,10.46,10.39,11.98,7.97,9.41,13.48,13.85,14.98,9.56,8.68,10.29,11.04,11.98,20.29,16.53,15.62,2.25,7.97,2.16,6.22,2.26,9.76,12.24,14.21,15.43,9.92,7.31,14.3,15.01,5.76,9.76,4.7,2.49,14.33,11.03,12.3,4.1,9.53,10.95,12.84,15.32,9.07,12.99,9.74,3.65,15.65,5.88,8.72,15.2,4.58,6.02,13.61,6.36,13.53,7.78,9.68,14.18,10.78,13.96,2.26,5.9,6.75,0.45,9.04,2.94,11.03,6.17,11.69,13.27,2.01,11.5,5.09,7.62,7.8,8.51,3.5,11.9,12.62,11.37,10.35,10.32,5.88,8.4,7.62,12.3,14.35,5.92,0.45,10.12,5.09,12.61,5.48,7.62,10.46,7.62,11.54,8.72,5.55,6.75,9.65,5.96
25,21.53,18.94,5.99,12.83,11.48,1.12,10.74,16.15,11.6,9.12,17.68,12.42,18.45,3.34,14.71,9.16,17.73,15.38,13.9,16.9,8.03,2.51,17.29,6.93,999.0,16.93,14.39,20.38,11.1,10.43,16.49,18.45,17.53,19.26,14.97,18.08,35.93,4.81,19.9,7.69,16.37,16.16,4.43,10.12,12.83,11.54,18.78,12.83,6.53,17.49,8.65,17.45,8.43,14.04,3.0,17.86,13.68,19.86,20.81,17.08,9.9,15.81,4.19,15.9,18.36,15.11,1.46,20.68,10.85,16.04,17.26,19.96,19.41,10.12,16.04,20.17,17.23,19.74,30.28,20.18,19.86,5.58,1.67,12.7,17.76,16.89,2.26,17.11,7.89,18.45,19.7,12.33,6.73,16.84,18.07,9.58,17.86,19.07,17.07,11.43,16.93,18.12,14.81,16.09,20.4,17.83,20.29,10.78,10.29,16.83,16.09,18.12,26.37,21.81,21.07,9.16,8.72,5.66,2.17,8.51,16.15,17.95,19.38,19.63,16.75,13.85,18.51,20.28,3.13,16.68,2.33,8.37,19.35,16.41,17.87,3.52,10.9,16.47,18.24,20.31,15.14,18.45,15.31,3.73,20.64,12.75,15.47,19.98,10.66,1.42,17.82,13.23,19.22,12.47,15.76,18.74,14.54,18.87,8.51,2.17,12.64,7.02,15.68,6.43,16.54,10.23,16.46,20.13,6.02,17.19,10.77,12.83,2.83,9.69,3.72,16.22,17.21,17.0,15.69,14.63,12.75,10.56,12.83,19.22,19.35,12.8,7.02,16.37,5.58,19.51,9.66,12.83,12.72,12.83,15.16,11.24,10.65,12.64,16.24,8.3
26,19.97,2.37,10.96,4.59,5.46,16.65,9.98,5.69,6.41,9.78,6.73,7.09,3.23,15.1,4.71,10.01,17.09,3.32,5.09,8.35,10.02,15.32,7.84,10.78,16.93,999.0,3.03,6.65,11.81,7.65,14.93,3.19,3.14,4.44,23.12,17.32,19.96,13.92,3.26,11.31,0.76,9.4,12.99,7.39,4.59,12.76,4.46,4.59,11.52,3.45,8.88,16.94,12.43,7.6,14.15,4.65,7.98,18.31,20.69,6.63,10.52,4.15,16.3,11.7,1.69,12.59,16.14,6.64,7.37,8.43,7.62,6.26,3.23,6.88,8.43,4.68,6.79,19.8,39.23,4.46,17.81,12.1,17.67,4.56,5.14,6.79,15.13,1.34,11.83,3.23,7.82,4.71,11.49,0.65,2.46,13.47,7.87,5.28,4.04,11.48,1.92,1.2,4.65,9.46,7.79,7.18,5.05,10.97,10.36,1.93,3.64,1.2,19.13,18.53,17.47,8.83,11.46,11.3,15.34,8.64,1.4,2.12,4.75,7.65,4.07,3.7,6.93,5.16,16.5,5.82,15.09,11.39,17.55,2.68,2.54,13.42,10.76,2.26,3.28,18.34,1.79,3.23,2.42,13.19,18.58,5.98,8.86,18.69,6.32,16.43,6.56,7.84,3.16,14.29,1.17,6.06,6.75,5.15,8.64,15.13,4.29,10.47,2.88,13.35,14.34,7.48,4.51,5.79,10.95,1.82,6.16,4.59,16.45,10.93,13.23,5.66,17.24,1.97,2.88,5.54,5.98,9.58,4.59,6.49,17.61,7.8,10.47,0.76,12.1,6.25,13.92,4.59,9.52,4.59,7.15,9.01,6.45,4.29,2.37,9.88
27,20.77,5.4,8.41,1.62,3.37,14.01,6.98,7.01,3.38,6.76,5.57,6.73,4.15,12.93,2.32,6.99,17.52,4.39,2.33,9.63,7.08,12.6,9.31,8.85,14.39,3.03,999.0,6.9,8.84,4.65,15.35,5.91,5.5,5.17,22.29,17.79,22.98,11.94,6.28,8.32,2.9,10.33,10.76,4.49,1.62,12.24,4.82,1.62,9.63,5.73,6.01,17.33,11.16,7.95,11.51,6.83,8.19,19.01,21.25,5.22,7.5,5.46,13.42,12.33,4.72,12.93,13.75,7.07,4.35,9.43,6.1,6.45,6.22,4.81,9.43,5.92,8.39,20.28,38.67,5.88,18.58,9.29,15.3,3.46,4.51,5.26,12.78,3.97,8.82,4.15,7.27,3.13,8.58,3.33,3.69,12.48,6.53,5.4,3.38,8.54,4.26,4.05,5.37,10.37,10.17,5.98,6.13,7.98,7.34,4.2,2.38,4.05,20.98,19.59,18.52,7.29,8.43,8.91,12.66,6.59,3.22,3.56,5.37,7.13,5.87,3.43,6.11,6.16,14.35,7.35,12.74,10.03,18.25,2.18,3.51,10.87,7.78,2.12,3.99,19.13,1.69,4.15,0.92,10.7,19.4,5.61,9.63,19.36,4.29,14.05,5.51,7.88,4.83,13.89,2.04,5.65,4.31,5.21,6.59,12.48,2.17,8.47,4.18,11.68,14.83,4.53,3.25,8.48,8.58,2.8,3.8,1.62,13.65,7.9,10.78,4.02,17.55,2.62,1.53,3.13,5.61,6.56,1.62,8.78,18.3,7.67,8.47,2.9,9.29,8.68,12.93,1.62,6.69,1.62,4.91,6.02,3.74,2.17,4.14,6.92
28,26.61,7.5,14.63,8.01,10.24,19.78,10.51,12.32,8.82,11.5,3.12,13.35,3.42,19.47,5.72,11.57,23.72,9.93,6.51,14.96,12.41,18.24,14.42,15.63,20.38,6.65,6.9,999.0,11.55,9.95,21.56,9.15,9.53,2.23,29.17,23.95,21.48,18.63,7.62,13.14,7.35,16.05,17.29,10.33,8.01,19.0,2.22,8.01,16.41,9.87,11.75,23.57,18.06,14.16,17.39,11.02,14.5,24.96,27.34,3.66,11.35,10.8,18.42,18.34,7.18,19.19,20.0,0.41,9.53,15.08,4.1,0.45,8.36,11.64,15.08,2.53,13.35,26.44,45.5,2.89,24.46,14.86,21.53,10.24,2.63,3.93,19.1,7.86,13.32,3.42,2.04,10.01,13.84,7.28,4.19,19.36,3.76,1.51,3.55,11.11,8.49,6.15,11.24,16.11,13.68,3.26,2.11,11.11,11.01,8.52,4.6,6.15,25.28,25.14,24.07,14.19,12.62,15.33,18.41,13.37,8.02,4.53,1.91,1.92,10.66,9.84,2.4,1.92,20.86,12.43,19.08,16.94,24.2,4.81,4.12,16.96,10.89,5.05,3.38,24.99,7.46,3.42,6.13,16.89,25.22,12.2,15.5,25.34,11.15,20.3,2.88,14.3,3.86,20.61,7.09,1.68,6.08,1.7,13.37,18.29,9.08,15.22,9.5,18.51,20.97,10.18,3.98,11.38,15.03,4.94,10.54,8.01,19.03,11.72,17.03,4.2,23.85,4.9,5.38,5.76,12.2,10.41,8.01,12.6,24.26,14.19,15.22,7.35,14.86,12.23,19.82,8.01,8.91,8.01,5.69,9.66,10.16,9.08,9.02,12.15
29,26.69,14.16,7.56,7.57,8.72,10.15,1.98,14.99,5.79,3.52,8.43,12.82,11.27,11.92,7.32,3.22,22.94,12.69,6.76,17.22,4.64,8.6,17.14,10.37,11.1,11.81,8.84,11.55,999.0,4.98,20.98,14.75,14.25,11.47,24.28,23.28,31.52,11.99,14.98,3.82,11.74,17.41,10.26,5.81,7.57,16.41,10.87,7.57,10.93,14.44,5.45,22.69,13.78,14.68,8.44,15.44,14.66,24.85,26.66,7.89,2.0,13.69,7.78,18.68,13.49,18.72,11.43,11.94,5.01,16.71,7.57,11.25,15.03,8.75,16.71,12.52,16.44,25.58,40.5,12.71,24.57,6.11,12.67,10.3,9.38,7.61,10.91,12.81,3.33,11.27,10.13,9.6,4.93,12.17,11.34,15.48,8.07,10.73,9.36,0.44,13.07,12.64,13.17,17.4,18.77,8.36,12.42,0.95,1.85,13.0,8.84,12.64,28.68,26.05,25.05,10.79,2.57,8.57,8.94,9.12,12.01,11.44,11.42,10.13,14.35,11.15,9.21,12.33,12.99,15.45,10.92,12.79,24.14,9.69,11.07,8.64,1.11,10.01,10.99,25.12,10.48,11.27,9.4,8.89,25.43,12.15,16.6,25.12,8.82,11.69,8.67,14.18,12.33,18.04,10.88,9.92,5.73,10.56,9.12,8.99,8.89,9.96,12.66,12.89,20.67,5.48,8.56,17.28,8.53,10.85,8.07,7.57,8.81,1.86,9.15,7.66,22.72,10.59,9.14,6.65,12.15,2.5,7.57,17.36,24.17,13.78,9.96,11.74,6.11,17.34,15.85,7.57,2.66,7.57,5.9,2.85,7.04,8.89,12.81,4.43
30,22.01,9.99,4.81,3.07,3.75,9.86,3.01,10.05,1.3,2.13,7.33,7.91,8.26,9.77,4.31,2.39,18.36,7.87,3.5,12.24,2.54,8.34,12.18,6.67,10.43,7.65,4.65,9.95,4.98,999.0,16.32,10.25,9.62,8.93,20.99,18.68,27.61,9.22,10.91,3.67,7.38,12.45,7.66,0.92,3.07,12.07,8.42,3.07,7.4,9.76,1.83,18.13,9.88,9.73,7.44,10.67,9.74,20.18,22.12,6.75,3.18,8.82,8.86,13.83,9.32,13.99,10.1,10.26,0.42,11.74,7.1,9.53,10.76,3.93,11.74,9.9,11.49,21.06,37.45,9.96,19.86,4.95,11.61,5.34,7.34,6.59,9.24,8.4,4.18,8.26,9.37,4.65,4.05,7.85,8.03,11.52,7.7,8.65,6.7,4.83,8.53,8.7,8.23,12.45,13.96,7.54,9.97,4.02,3.17,8.45,5.78,8.7,23.71,21.24,20.22,6.33,3.87,5.66,8.48,4.79,7.5,8.0,9.02,9.28,9.54,6.26,8.15,9.94,11.12,10.53,9.22,8.78,19.45,6.29,7.8,7.03,3.88,6.45,8.03,20.41,6.04,8.26,5.46,7.0,20.72,7.18,11.65,20.47,3.9,10.39,7.45,9.27,9.17,13.75,6.56,8.32,4.28,8.46,4.79,8.35,4.03,6.23,7.9,9.57,15.95,0.57,6.05,12.65,5.43,7.27,3.11,3.07,9.25,3.53,7.17,5.81,18.21,7.04,5.58,4.2,7.18,2.47,3.07,12.55,19.49,8.89,6.23,7.38,4.95,12.58,11.94,3.07,3.99,3.07,5.01,2.38,2.07,4.03,8.15,2.34
31,5.7,14.88,14.17,15.24,12.99,17.18,19.18,9.4,16.15,17.47,20.91,8.73,18.15,13.15,17.56,17.78,2.17,11.63,17.22,7.09,16.48,17.11,7.81,11.19,16.49,14.93,15.35,21.56,20.98,16.32,999.0,13.21,12.46,19.37,10.75,2.43,25.31,11.75,15.38,17.74,14.22,5.72,12.83,15.41,15.24,5.05,19.34,15.24,10.98,12.14,15.53,2.01,8.25,7.45,15.89,11.26,7.17,3.87,5.91,20.57,18.98,10.81,19.33,3.28,14.86,2.43,15.03,21.57,16.48,6.66,21.44,21.15,14.44,12.4,6.66,19.55,8.8,4.92,25.12,19.29,3.62,16.27,15.75,12.0,19.65,20.6,14.35,13.84,18.49,18.15,22.46,12.54,16.91,14.32,17.39,6.91,21.88,20.13,18.46,20.96,13.22,15.66,10.32,5.64,10.69,21.33,19.95,20.07,19.16,13.17,17.61,15.66,10.17,5.38,4.58,10.21,18.86,13.35,16.77,11.88,13.54,17.06,19.68,22.3,11.15,11.95,21.38,20.08,13.69,9.46,14.29,8.77,3.16,16.98,17.44,14.95,19.98,16.65,18.18,4.15,14.23,18.15,15.81,14.47,4.48,9.78,6.11,4.15,12.51,15.12,20.83,7.48,18.01,4.08,14.51,20.73,19.22,19.98,11.88,16.45,13.6,11.49,12.06,10.13,0.68,15.76,18.55,12.42,13.19,16.63,13.35,15.24,18.39,19.18,14.24,19.37,2.34,16.68,16.65,18.24,9.78,18.65,15.24,10.68,3.19,7.74,11.49,14.22,16.27,11.22,6.85,15.24,20.27,15.24,19.96,18.69,14.36,13.6,12.59,16.64
32,17.78,1.73,12.69,7.25,7.24,18.34,12.86,3.91,9.1,12.37,9.8,6.89,5.88,16.16,7.86,12.63,15.29,3.1,8.16,6.17,12.37,17.17,5.52,11.78,18.45,3.19,5.91,9.15,14.75,10.25,13.21,999.0,0.99,6.95,22.42,15.47,17.64,14.8,2.19,13.77,3.03,7.49,14.2,9.79,7.25,12.1,7.16,7.25,12.41,1.19,11.15,15.18,12.58,6.54,15.9,1.98,7.01,16.23,18.69,9.76,13.3,3.02,18.45,9.93,1.98,11.04,17.47,9.04,10.03,6.55,10.75,8.83,1.28,8.4,6.55,6.78,4.46,17.89,38.1,6.45,15.68,14.17,18.95,5.78,8.15,9.92,16.44,1.96,14.37,5.88,10.64,6.26,13.77,2.66,5.17,13.26,10.95,7.99,7.13,14.46,1.72,3.07,4.02,7.57,4.66,10.25,7.21,13.87,13.19,1.8,6.82,3.07,16.18,16.15,15.1,9.58,14.11,12.8,17.12,9.93,2.75,4.84,7.27,10.47,2.25,4.62,9.9,7.37,17.51,3.76,16.4,11.7,15.49,5.85,5.35,15.06,13.67,5.43,6.03,16.19,4.27,5.88,5.51,14.75,16.39,6.05,7.17,16.63,7.89,17.74,9.61,7.08,5.3,13.41,3.88,8.93,9.91,7.91,9.93,16.87,6.36,11.56,2.76,13.91,12.56,9.96,7.66,2.61,12.44,4.85,8.05,7.25,18.4,13.7,14.74,8.83,15.55,5.06,6.06,8.7,6.05,12.41,7.25,3.46,15.55,7.23,11.56,3.03,14.17,3.14,13.68,7.25,12.58,7.25,10.34,11.91,8.65,6.36,2.24,12.29
33,17.18,2.44,11.82,6.7,6.44,17.45,12.33,3.07,8.53,11.72,9.87,5.9,6.16,15.2,7.6,12.0,14.56,2.15,7.81,5.52,11.65,16.31,4.92,10.82,17.53,3.14,5.5,9.53,14.25,9.62,12.46,0.99,999.0,7.31,21.5,14.75,18.48,13.83,3.09,13.07,2.75,6.75,13.26,9.11,6.7,11.16,7.44,6.7,11.45,0.34,10.41,14.45,11.59,5.61,15.03,1.52,6.08,15.59,18.03,9.77,12.73,2.04,17.64,9.17,2.44,10.23,16.53,9.46,9.43,5.79,10.75,9.18,2.23,7.53,5.79,7.26,3.85,17.2,37.25,6.96,15.06,13.36,18.0,4.92,8.27,9.91,15.51,1.8,13.7,6.16,10.88,5.44,13.01,2.51,5.41,12.28,11.01,8.27,7.18,13.98,1.28,3.39,3.03,6.83,4.72,10.32,7.68,13.35,12.64,1.32,6.74,3.39,16.0,15.63,14.57,8.61,13.48,11.9,16.25,9.02,2.29,5.07,7.62,10.71,1.33,3.75,10.05,7.83,16.54,3.01,15.46,10.72,14.85,5.8,5.55,14.17,13.16,5.38,6.28,15.58,3.81,6.16,5.24,13.85,15.79,5.07,6.37,15.99,7.04,16.8,9.7,6.13,5.74,12.49,3.54,9.14,9.67,8.17,9.02,15.99,5.65,10.61,1.87,12.93,11.82,9.3,7.63,3.03,11.54,4.93,7.25,6.7,17.55,13.11,13.83,8.76,14.8,5.1,5.89,8.45,5.07,11.86,6.7,3.37,14.91,6.26,10.61,2.75,13.36,3.2,12.7,6.7,12.19,6.7,10.15,11.41,7.93,5.65,1.48,11.58
34,24.39,5.33,13.35,6.52,8.53,18.76,10.11,10.1,7.69,10.74,3.67,11.29,1.22,18.04,4.64,10.87,21.53,7.75,5.44,12.74,11.47,17.26,12.19,14.02,19.26,4.44,5.17,2.23,11.47,8.93,19.37,6.95,7.31,999.0,27.23,21.76,20.5,17.09,5.55,12.41,5.16,13.83,15.87,9.14,6.52,16.97,0.59,6.52,14.8,7.64,10.64,21.38,16.23,12.0,16.3,8.8,12.36,22.75,25.13,3.96,10.89,8.59,17.71,16.14,4.97,17.02,18.75,2.2,8.53,12.86,4.79,1.88,6.23,9.98,12.86,1.05,11.12,24.24,43.48,1.28,22.24,13.88,20.29,8.3,2.16,4.23,17.8,5.63,12.71,1.22,3.79,8.16,12.96,5.07,1.99,17.45,4.72,1.16,2.25,11.05,6.26,3.92,9.07,13.9,11.52,4.03,1.04,10.87,10.59,6.29,3.17,3.92,23.11,22.91,21.84,12.41,12.09,13.96,17.39,11.76,5.83,2.32,0.32,3.62,8.43,7.78,3.37,1.02,19.45,10.2,17.77,15.12,21.99,2.99,1.96,15.77,10.65,3.11,1.25,22.77,5.42,1.22,4.29,15.65,23.0,10.15,13.3,23.13,9.45,19.04,3.4,12.18,1.71,18.56,4.98,2.27,5.74,1.18,11.76,17.24,7.31,13.63,7.31,16.83,18.78,9.06,2.99,9.25,13.64,2.81,8.95,6.52,18.17,11.28,15.76,3.82,21.68,2.83,3.67,5.0,10.15,9.9,6.52,10.41,22.05,12.1,13.63,5.16,13.88,10.05,17.91,6.52,8.82,6.52,5.63,9.17,8.73,7.31,6.81,11.24
35,11.74,23.87,16.77,21.46,19.06,16.06,23.03,18.55,21.48,21.07,27.57,16.03,26.05,12.63,23.99,21.3,9.82,19.96,23.37,16.99,19.79,16.96,17.73,14.32,14.97,23.12,22.29,29.17,24.28,20.99,10.75,22.42,21.5,27.23,999.0,9.98,36.06,12.29,24.59,20.46,22.35,15.54,14.02,20.17,21.46,10.38,27.01,21.46,13.62,21.24,19.45,9.67,11.25,15.89,16.38,20.7,15.43,11.11,10.12,27.08,22.46,19.52,19.08,13.33,23.64,11.96,13.84,29.3,21.32,16.27,27.72,28.72,23.71,17.81,16.27,27.72,18.51,9.55,16.47,27.54,11.58,18.24,13.43,18.94,26.78,27.01,13.88,22.38,21.03,26.05,29.47,19.17,19.36,22.63,25.35,9.82,28.28,27.66,25.67,24.45,21.84,24.13,18.67,15.44,21.03,27.91,28.04,23.58,22.78,21.76,24.66,24.13,19.33,13.41,13.41,15.13,21.72,15.75,16.54,16.33,21.76,25.07,27.48,29.34,20.18,19.48,28.25,28.12,11.99,18.82,13.85,12.39,11.2,24.36,25.31,15.85,23.6,24.16,25.98,11.64,21.82,26.05,23.04,15.51,11.84,17.14,15.53,10.89,18.22,13.7,27.58,15.42,26.26,9.02,22.3,27.93,25.01,27.48,16.33,16.3,20.14,14.77,20.43,11.48,11.38,20.48,25.47,22.37,15.85,24.45,18.96,21.46,17.75,22.46,15.23,25.9,9.13,24.41,23.81,24.41,17.14,22.61,21.46,20.7,11.15,15.37,14.77,22.35,18.24,21.22,9.36,21.46,24.74,21.46,25.79,23.0,19.68,20.14,21.07,20.06
36,3.52,17.17,16.29,17.67,15.4,18.86,21.5,11.73,18.55,19.76,23.34,11.16,20.54,14.78,19.99,20.07,0.36,14.02,19.65,9.3,18.73,18.93,9.99,13.29,18.08,17.32,17.79,23.95,23.28,18.68,2.43,15.47,14.75,21.76,9.98,999.0,26.44,13.48,17.61,19.95,16.61,8.0,14.72,17.76,17.67,7.04,21.74,17.67,13.0,14.43,17.82,0.64,10.15,9.87,17.78,13.5,9.6,1.78,3.48,23.01,21.28,13.18,21.19,5.62,17.18,4.86,16.62,23.96,18.85,8.96,23.87,23.55,16.67,14.77,8.96,21.91,11.02,2.5,23.22,21.64,1.89,18.37,17.18,14.44,22.07,23.04,16.04,16.2,20.69,20.54,24.88,14.97,19.07,16.7,19.77,8.63,24.32,22.53,20.88,23.27,15.57,18.01,12.72,7.93,12.59,23.76,22.31,22.37,21.46,15.52,20.04,18.01,9.6,3.95,3.58,12.49,21.09,15.43,18.58,14.16,15.93,19.44,22.06,24.72,13.47,14.38,23.81,22.44,15.13,11.75,15.98,10.82,1.39,19.4,19.83,16.87,22.3,19.06,20.58,2.25,16.65,20.54,18.24,16.4,2.57,12.21,8.46,1.92,14.9,16.68,23.26,9.92,20.37,5.69,16.92,23.15,21.65,22.38,14.16,18.26,16.03,13.62,14.45,11.89,2.98,18.11,20.98,14.49,15.3,19.02,15.74,17.67,20.17,21.46,16.15,21.8,0.98,19.08,19.07,20.67,12.21,20.97,17.67,12.75,1.37,10.17,13.62,16.61,18.37,13.28,8.47,17.67,22.64,17.67,22.39,21.05,16.75,16.03,14.96,18.9
