GAMS 47.5.0  d6b95593 Aug 29, 2024          WEX-WEI x86 64bit/MS Windows - 09/08/24 12:52:08 Page 1
G e n e r a l   A l g e b r a i c   M o d e l i n g   S y s t e m
C o m p i l a t i o n


   1  *Cambia el número de i dependiendo de la cantidad de nodos que tengas en el problema
   2  Set
   3  i /1*200/;
   4  alias (i,j);
   5  *Cambia el nombre del csv que estes usando
   6  Table c(i,j)
INCLUDE    C:\Users\rcorr\Desktop\Development\MA2015.101\reto\dist_matrix6.csv
   9  ,1,2,3,4,5,6,7,8,9,10,11,12,13,14,15,16,17,18,19,20,21,22,23,24,25,26,27,28,29,30,31,32,33,34,35,36,37,38,39,40,41,42,43,44,45,46,47,48,49,50,51,52,53,54,55,56,57,58,59,60,61,62,63,64,65,66,67,68,69,70,71,72,73,74,75,76,77,78,79,80,81,82,83,84,85,86,87,88,89,90,91,92,93,94,95,96,97,98,99,100,101,102,103,104,105,106,107,108,109,110,111,112,113,114,115,116,117,118,119,120,121,122,123,124,125,126,127,128,129,130,131,132,133,134,135,136,137,138,139,140,141,142,143,144,145,146,147,148,149,150,151,152,153,154,155,156,157,158,159,160,161,162,163,164,165,166,167,168,169,170,171,172,173,174,175,176,177,178,179,180,181,182,183,184,185,186,187,188,189,190,191,192,193,194,195,196,197,198,199,200
  10  1,999.0,15.18,7.99,3.86,0.6,2.96,9.63,9.72,7.39,8.89,4.89,4.3,6.54,6.58,11.69,8.64,3.79,8.24,4.36,14.12,6.54,16.17,10.22,7.83,2.39,3.79,13.18,9.18,5.74,8.65,5.57,9.57,6.64,10.13,5.81,5.66,10.44,3.79,6.0,3.79,6.32,7.72,7.05,8.96,8.56,4.83,3.1,3.51,5.2,9.92,9.08,3.92,6.95,3.94,7.05,4.83,2.07,9.41,3.33,7.44,6.58,13.85,3.38,8.08,5.59,3.87,7.54,5.7,9.63,13.94,10.38,11.55,3.79,13.9,9.66,1.17,3.87,6.16,7.71,9.47,10.54,6.33,3.79,2.27,5.3,5.22,9.53,10.41,8.26,8.69,8.06,6.78,10.78,2.37,3.34,7.05,8.87,7.39,3.75,8.56,8.18,12.91,3.29,13.8,12.51,3.7,7.7,12.51,16.88,13.07,4.74,8.24,7.83,6.58,3.33,7.73,19.48,5.75,4.92,7.18,6.66,16.92,3.56,15.14,1.73,4.07,1.71,12.17,12.35,7.05,3.52,14.05,11.84,3.87,9.95,4.78,9.41,17.74,9.65,12.56,8.06,5.37,14.17,10.15,1.68,15.44,12.56,8.35,15.1,8.03,9.52,7.31,9.53,5.09,3.79,5.72,6.17,2.37,3.79,17.34,11.29,2.96,14.82,35.7,5.6,4.96,3.79,8.65,2.74,8.08,4.62,6.48,11.88,2.38,5.1,0.93,9.42,5.31,3.28,8.73,2.82,3.94,8.26,14.45,4.7,10.04,3.78,6.06,10.5,5.34,10.14,13.73,4.49,6.14,13.03,2.49,22.23,7.63,3.0,13.07
  11  2,15.18,999.0,21.35,18.77,15.21,16.66,21.4,15.72,20.05,6.85,20.07,11.44,21.2,20.4,18.8,23.62,18.88,21.46,11.72,5.34,20.5,2.0,18.44,18.35,14.94,18.88,20.78,23.58,9.71,21.22,15.69,23.57,12.95,19.66,20.47,20.53,20.35,18.88,12.62,18.88,11.38,10.67,16.63,23.84,21.89,17.64,15.35,12.69,16.41,23.7,22.97,16.52,8.25,19.05,16.63,17.64,13.18,23.65,13.19,22.48,20.4,22.13,15.97,20.97,19.3,11.66,22.68,17.74,21.4,5.57,24.9,20.06,18.88,24.76,18.29,15.62,11.66,20.67,21.66,24.37,25.07,8.97,18.88,17.23,18.27,15.02,7.17,17.35,23.44,23.71,21.14,20.15,9.79,13.49,16.6,16.63,23.45,20.05,14.25,23.3,22.39,20.68,16.7,23.9,22.27,17.25,14.13,22.27,5.81,19.39,16.17,21.6,18.35,20.4,13.19,22.35,14.98,15.35,17.79,11.28,9.57,3.83,17.5,3.41,16.26,16.9,13.49,19.05,3.6,16.63,14.63,5.33,19.89,11.66,24.92,10.86,23.43,4.27,24.11,22.59,21.87,20.19,6.06,23.35,14.28,1.24,22.59,22.5,1.58,21.23,23.8,16.4,24.57,19.72,16.74,20.87,10.22,13.49,18.88,4.19,21.32,16.66,3.79,26.7,19.72,15.82,18.88,22.05,16.95,19.27,14.69,21.65,19.95,17.11,20.21,15.23,7.4,10.46,12.03,13.77,17.2,18.41,22.07,5.54,16.63,24.43,13.91,15.83,5.82,16.65,19.88,22.78,12.77,16.59,20.28,16.01,22.27,21.68,15.33,19.39
  12  3,7.99,21.35,999.0,7.76,8.44,9.54,2.73,8.59,1.51,14.5,5.74,12.08,9.0,10.6,8.13,8.78,5.31,12.22,9.72,18.57,10.36,21.79,6.68,4.21,10.11,5.31,8.44,2.97,13.14,1.37,12.9,11.89,14.58,5.37,8.75,8.1,5.07,5.31,13.97,5.31,14.29,15.68,5.54,9.38,12.28,10.96,10.58,8.83,12.19,12.47,1.77,4.92,13.45,6.96,5.54,10.96,9.79,2.74,11.32,7.96,10.6,8.3,10.52,0.83,10.33,11.57,5.45,3.65,2.73,18.31,11.33,6.84,5.31,6.53,6.19,6.92,11.57,2.72,10.94,4.79,11.39,13.48,5.31,5.93,11.01,6.44,14.44,7.89,6.87,8.58,12.29,1.26,13.61,8.35,10.02,5.54,10.25,1.51,11.58,9.64,10.71,8.15,5.01,6.93,6.26,9.88,8.37,6.26,21.18,9.38,11.82,0.25,4.21,10.6,11.32,9.57,20.06,6.24,10.95,15.16,11.78,23.85,4.47,20.25,6.27,10.63,9.37,8.52,17.95,5.54,11.26,18.51,7.38,11.57,9.58,10.65,11.75,22.79,3.47,6.08,11.32,8.17,18.32,2.18,9.66,21.92,6.08,10.91,20.81,0.29,11.32,5.96,8.98,8.62,4.78,6.61,11.14,8.35,5.31,22.34,5.31,9.54,19.8,36.41,2.5,12.21,5.31,12.25,5.27,3.31,12.29,6.4,7.38,8.2,6.9,7.3,14.23,12.98,10.87,9.36,8.75,4.15,1.01,18.79,11.52,3.58,11.68,13.36,15.74,4.76,5.16,7.64,12.48,13.12,8.63,9.58,29.79,10.72,10.49,9.38
  13  4,3.86,18.77,7.76,999.0,3.64,2.5,10.17,12.54,7.91,12.71,2.28,7.41,2.69,3.24,13.85,4.86,2.51,5.02,8.21,17.98,3.1,19.88,12.27,9.5,4.02,2.51,14.97,7.6,9.09,8.89,5.65,5.85,8.12,11.7,1.98,1.8,11.79,2.51,7.76,2.51,8.6,9.96,9.37,5.13,5.23,3.29,3.96,7.31,4.76,6.27,8.11,6.01,10.66,0.82,9.37,3.29,5.63,7.99,5.82,3.71,3.24,15.31,3.56,8.23,2.64,7.13,4.7,7.26,10.17,17.8,6.52,13.26,2.51,14.28,11.68,4.12,7.13,5.13,4.13,7.1,6.68,9.8,2.51,3.02,3.25,8.12,13.39,12.84,4.92,4.94,4.96,6.9,14.53,6.17,2.85,9.37,5.01,7.91,5.24,4.69,4.44,14.68,5.17,14.54,13.57,2.42,10.85,13.57,20.73,15.26,4.52,7.95,9.5,3.24,5.82,3.87,23.04,8.51,3.25,9.29,10.52,20.15,4.71,18.95,3.89,3.2,5.39,14.33,16.11,9.37,4.82,17.91,13.67,7.13,6.17,8.64,5.68,21.53,7.91,13.5,4.51,1.5,18.04,9.6,4.5,18.92,13.5,4.62,18.81,7.94,5.71,9.74,5.8,1.33,5.7,2.37,10.03,6.17,2.51,21.14,12.42,2.5,18.64,39.38,5.36,4.98,2.51,5.28,4.24,9.33,5.51,3.21,13.7,1.66,1.63,4.31,13.28,8.45,6.74,11.96,1.7,4.09,7.54,18.31,4.09,8.36,5.51,6.02,14.34,7.49,11.62,14.92,6.67,5.6,14.95,2.99,22.26,3.99,3.92,15.26
  14  5,0.6,15.21,8.44,3.64,999.0,2.43,10.16,10.3,7.9,9.07,4.94,4.1,6.27,6.17,12.28,8.48,3.96,7.78,4.72,14.36,6.14,16.26,10.81,8.41,1.81,3.96,13.78,9.48,5.64,9.14,4.98,9.21,6.15,10.72,5.54,5.44,11.02,3.96,5.54,3.96,5.94,7.35,7.65,8.77,8.12,4.28,2.5,3.93,4.6,9.54,9.46,4.5,7.04,3.84,7.65,4.28,2.02,9.73,2.93,7.31,6.17,14.43,2.79,8.56,5.14,3.71,7.62,6.27,10.16,14.19,10.11,12.14,3.96,14.43,10.26,1.74,3.71,6.48,7.33,9.66,10.28,6.28,3.96,2.58,4.77,5.81,9.78,11.0,8.25,8.55,7.59,7.24,11.18,2.81,2.77,7.65,8.6,7.9,3.21,8.33,7.84,13.5,3.85,14.35,13.08,3.18,8.26,13.08,17.11,13.66,4.15,8.68,8.41,6.17,2.93,7.46,19.95,6.34,4.38,6.78,6.95,16.82,4.05,15.31,2.23,3.5,1.75,12.77,12.48,7.65,2.95,14.29,12.43,3.71,9.8,5.04,9.05,17.89,9.93,13.12,7.66,5.13,14.44,10.58,1.26,15.42,13.12,8.0,15.19,8.49,9.2,7.91,9.4,4.8,4.36,5.67,6.5,2.81,3.96,17.5,11.86,2.43,15.0,36.12,6.01,4.36,3.96,8.21,3.23,8.64,4.05,6.46,12.48,2.04,5.0,1.53,9.68,5.13,3.2,9.27,2.4,4.33,8.65,14.69,4.11,10.34,3.27,5.47,10.7,5.94,10.72,14.3,4.06,5.54,13.63,1.92,21.68,7.25,2.4,13.66
  15  6,2.96,16.66,9.54,2.5,2.43,999.0,11.66,12.65,9.35,11.0,4.65,5.22,4.55,3.94,14.46,7.07,4.33,5.43,7.04,16.38,3.97,17.9,12.94,10.37,1.72,4.33,15.83,9.87,6.95,10.49,3.37,7.1,5.62,12.67,3.84,4.01,12.88,4.33,5.26,4.33,6.12,7.47,9.82,7.22,5.8,1.88,1.47,6.32,2.65,7.35,10.19,6.5,8.78,3.17,9.82,1.88,3.91,10.22,3.5,6.03,3.94,16.37,1.07,9.86,2.85,5.04,7.2,8.13,11.66,16.23,8.26,14.15,4.33,15.9,12.37,3.87,5.04,7.13,5.17,9.55,8.43,7.72,4.33,3.78,2.34,8.13,11.86,13.25,7.4,7.2,5.22,8.49,13.52,5.22,0.48,9.82,6.79,9.35,2.75,6.65,5.81,15.55,5.73,15.99,14.84,0.76,10.66,14.84,19.1,15.86,2.28,9.76,10.37,3.94,3.5,5.69,22.35,8.63,1.96,6.79,9.14,17.82,5.63,17.14,4.08,1.19,3.83,14.95,14.24,9.82,2.32,16.31,14.49,5.04,8.34,7.23,6.94,19.67,10.23,14.84,5.46,3.66,16.52,11.56,2.59,16.72,14.84,5.94,16.83,9.66,7.21,10.12,8.06,3.11,6.28,4.87,8.75,5.22,4.33,19.3,13.64,0.01,16.87,38.47,7.04,2.68,4.33,5.91,4.9,10.43,3.03,5.71,14.54,1.35,4.13,3.82,11.78,6.21,4.81,11.69,0.86,5.46,9.52,16.72,2.01,10.67,3.03,3.82,12.65,8.01,12.64,16.13,4.22,3.6,15.73,0.67,20.25,5.14,1.44,15.86
  16  7,9.63,21.4,2.73,10.17,10.16,11.66,999.0,7.06,2.31,14.6,8.32,13.32,11.65,13.16,5.82,11.51,7.67,14.83,10.24,18.02,12.93,21.59,4.58,3.08,11.93,7.67,5.81,5.29,14.11,1.37,14.94,14.6,16.25,3.05,11.35,10.71,2.55,7.67,15.59,7.67,15.72,17.05,4.79,12.1,14.91,13.24,12.51,9.51,14.31,15.18,3.87,5.91,13.97,9.41,4.79,13.24,11.13,4.9,12.88,10.68,13.16,5.58,12.55,2.02,12.8,12.79,8.17,4.14,0.01,17.75,14.05,4.32,7.67,4.28,4.24,8.47,12.79,5.36,13.59,7.25,14.12,14.3,7.67,7.89,13.36,6.48,14.28,5.96,9.58,11.31,14.88,3.28,12.8,9.35,12.14,4.79,12.97,2.31,13.36,12.37,13.4,5.53,6.36,4.37,3.54,12.1,7.55,3.54,20.49,6.93,13.91,2.68,3.08,13.16,12.88,12.26,18.24,6.08,13.24,16.61,11.94,24.23,6.13,19.89,7.92,12.81,10.73,6.14,17.87,4.79,13.09,17.97,4.88,12.79,12.28,11.2,14.46,22.33,5.69,3.39,13.97,10.75,17.68,2.8,11.3,22.11,3.39,13.6,20.68,2.46,14.04,5.09,11.68,11.15,5.93,9.26,11.31,9.35,7.67,21.88,2.6,11.66,19.41,34.4,4.82,14.26,7.67,14.89,6.93,2.13,14.17,9.11,4.87,10.34,9.49,8.8,14.06,14.11,12.07,8.33,10.94,6.22,3.55,18.19,13.67,5.62,13.41,15.41,15.62,5.02,2.78,4.92,14.05,15.26,6.07,11.59,31.8,13.37,12.42,6.93
  17  8,9.72,15.72,8.59,12.54,10.3,12.65,7.06,999.0,7.11,9.51,11.79,11.31,14.96,15.76,3.12,15.96,10.52,17.53,7.15,11.53,15.63,15.49,2.86,4.38,11.92,10.52,5.12,11.56,11.19,7.65,15.07,18.23,15.04,4.36,14.38,13.91,5.08,10.52,14.26,10.52,13.82,14.83,3.38,16.49,17.77,14.53,12.7,7.12,14.86,18.72,10.32,6.55,9.95,12.07,3.38,14.53,9.92,11.32,11.86,14.84,15.76,6.43,13.08,7.83,14.96,10.82,13.11,5.81,7.06,11.25,18.36,4.37,10.52,9.31,2.93,8.79,10.82,9.92,16.66,13.26,18.48,10.97,10.52,9.53,14.93,4.52,8.68,1.63,14.48,15.86,17.43,7.98,6.2,7.86,13.05,3.38,16.97,7.11,12.93,16.45,16.83,4.99,7.39,8.29,6.69,13.35,2.31,6.69,13.78,4.05,14.4,8.74,4.38,15.76,11.86,15.96,11.48,4.06,14.6,14.65,7.42,19.06,7.98,13.59,8.75,13.79,9.67,3.45,12.13,3.38,12.87,11.49,4.17,10.82,17.08,7.87,18.06,15.85,12.07,7.05,17.04,13.77,11.08,9.76,10.87,16.64,7.05,17.03,14.7,8.33,17.91,2.94,16.5,13.85,6.88,12.97,7.0,7.86,10.52,15.39,5.93,12.65,13.09,27.9,8.8,14.53,10.52,17.82,8.31,5.34,13.91,13.27,4.23,11.72,12.79,8.83,8.44,11.63,10.21,2.01,12.3,8.91,9.6,11.64,14.41,12.16,12.79,15.55,9.97,5.16,4.63,7.06,12.83,15.76,4.67,12.21,30.7,16.5,12.61,4.05
  18  9,7.39,20.05,1.51,7.91,7.9,9.35,2.31,7.11,999.0,13.2,6.16,11.25,9.54,10.96,6.88,9.7,5.4,12.66,8.54,17.13,10.74,20.43,5.37,2.75,9.66,5.4,7.45,4.45,12.18,1.29,12.64,12.6,14.03,4.23,9.19,8.56,4.09,5.4,13.38,5.4,13.58,14.94,4.04,10.28,12.77,10.94,10.22,7.7,12.0,13.17,3.28,3.87,12.28,7.15,4.04,10.94,9.01,4.24,10.69,8.75,10.96,7.53,10.25,0.91,10.54,10.72,6.47,2.32,2.31,16.87,12.23,5.78,5.4,6.56,4.84,6.25,10.72,3.36,11.46,6.18,12.31,12.45,5.4,5.59,11.07,5.06,13.07,6.49,7.9,9.52,12.69,1.12,12.13,7.37,9.84,4.04,11.05,0.01,11.1,10.45,11.34,7.15,4.18,6.66,5.68,9.79,6.87,5.68,19.72,8.2,11.61,1.7,2.75,10.96,10.69,10.25,18.59,4.81,10.94,14.47,10.49,22.66,3.85,18.85,5.67,10.5,8.6,7.3,16.61,4.04,10.82,17.07,6.28,10.72,10.61,9.49,12.45,21.37,4.96,5.6,11.85,8.57,16.87,3.3,9.07,20.67,5.6,11.54,19.46,1.28,12.09,4.45,10.01,8.93,3.81,7.18,9.84,7.37,5.4,20.92,4.56,9.35,18.39,34.97,2.6,11.95,5.4,12.75,4.67,1.93,11.89,7.14,6.29,8.03,7.33,6.6,12.86,12.09,10.01,7.85,8.63,3.92,2.5,17.34,11.36,5.08,11.17,13.11,14.38,3.4,4.06,7.04,11.86,12.96,7.57,9.29,29.51,11.25,10.13,8.2
  19  10,8.89,6.85,14.5,12.71,9.07,11.0,14.6,9.51,13.2,999.0,13.66,6.18,15.33,14.93,12.62,17.53,12.38,16.3,4.96,5.41,14.97,7.42,12.01,11.58,9.34,12.38,14.63,16.79,4.65,14.37,11.16,18.1,9.26,13.07,14.59,14.51,13.73,12.38,8.62,12.38,7.52,7.72,9.88,17.84,16.69,12.39,9.95,5.96,11.6,18.34,16.13,9.7,2.36,12.84,9.88,12.39,7.14,16.83,7.87,16.34,14.93,15.9,10.58,14.11,13.83,6.12,16.17,10.89,14.6,5.28,19.15,13.67,12.38,18.13,11.77,9.1,6.12,13.93,16.17,17.68,19.32,3.86,12.38,10.72,13.02,8.18,1.38,11.09,17.07,17.58,16.02,13.31,4.87,6.89,11.08,9.88,17.65,13.2,9.17,17.39,16.79,14.48,9.94,17.37,15.75,11.7,7.59,15.75,8.1,13.46,11.23,14.75,11.58,14.93,7.87,16.51,13.33,8.53,12.54,7.97,2.72,9.7,10.76,6.25,9.7,11.57,7.33,12.95,3.54,9.88,9.45,5.34,13.58,6.12,18.85,4.21,17.94,8.85,17.33,16.03,16.45,14.2,5.63,16.5,8.42,7.5,16.03,16.93,6.39,14.38,18.18,9.69,18.43,13.84,9.94,14.59,3.37,6.89,12.38,8.45,14.72,11.0,5.93,28.3,12.94,11.03,12.38,16.82,10.28,12.48,9.93,15.31,13.65,11.1,13.99,8.75,1.51,5.54,6.19,7.49,11.34,11.72,15.23,5.76,11.58,17.63,8.85,11.47,1.66,9.8,13.26,16.41,7.98,12.1,14.18,10.32,23.02,16.13,9.9,13.46
  20  11,4.89,20.07,5.74,2.28,4.94,4.65,8.32,11.79,6.16,13.66,999.0,9.02,3.39,4.86,12.63,4.27,1.38,6.52,8.83,18.71,4.62,21.01,11.03,8.19,5.91,1.38,13.51,5.32,10.58,6.98,7.91,6.56,10.25,10.23,3.04,2.41,10.21,1.38,9.83,1.38,10.55,11.94,8.45,4.75,6.61,5.56,6.04,7.84,7.04,7.1,5.88,5.36,11.83,1.5,8.45,5.56,6.94,5.71,7.62,3.08,4.86,13.69,5.72,6.31,4.64,8.65,2.69,6.1,8.32,18.51,6.57,11.8,1.38,12.26,10.45,4.57,8.65,3.02,5.3,4.92,6.7,11.21,1.38,2.97,5.47,7.69,14.15,11.81,3.4,4.22,6.57,5.06,14.75,6.8,5.06,8.45,5.18,6.16,7.28,4.66,5.23,13.21,4.6,12.64,11.81,4.68,10.43,11.81,21.47,14.02,6.78,5.89,8.19,4.86,7.62,4.22,22.82,7.95,5.51,11.3,11.22,21.76,3.87,19.9,4.03,5.47,6.6,13.09,17.17,8.45,6.87,18.65,12.26,8.65,5.51,9.46,6.4,22.51,5.63,11.7,5.69,2.43,18.69,7.43,6.08,20.33,11.7,5.43,19.96,5.95,6.15,8.87,4.99,2.89,5.01,1.18,10.65,6.8,1.38,22.09,10.72,4.65,19.55,39.27,3.56,7.24,1.38,6.59,3.81,7.82,7.68,1.68,12.29,3.47,1.18,4.91,14.01,10.06,8.13,11.58,3.79,2.89,5.38,19.02,6.37,6.08,7.51,8.3,15.22,6.64,10.11,13.18,8.6,7.89,13.57,5.0,24.53,5.09,5.98,14.02
  21  12,4.3,11.44,12.08,7.41,4.1,5.22,13.32,11.31,11.25,6.18,9.02,999.0,9.76,9.01,13.96,12.22,8.06,10.23,4.18,11.56,9.1,12.72,12.73,10.95,3.5,8.06,15.75,13.48,1.74,12.54,5.01,12.2,3.79,13.11,9.03,9.13,13.58,8.06,3.02,8.06,2.55,3.76,9.67,12.41,10.65,6.33,3.94,4.28,5.42,12.38,13.31,7.42,3.82,7.8,9.67,6.33,2.3,13.69,1.77,11.12,9.01,16.68,4.57,12.04,7.9,0.54,11.71,9.19,13.32,11.45,13.46,14.29,8.06,17.5,12.27,5.2,0.54,10.45,10.27,13.75,13.63,2.54,8.06,6.57,6.97,7.52,7.29,12.47,12.25,12.33,9.94,10.83,9.81,4.01,5.17,9.67,12.01,11.25,3.01,11.86,10.98,15.51,7.09,17.18,15.73,5.82,9.0,15.73,14.19,15.2,5.06,12.33,10.95,9.01,1.77,10.91,18.82,8.09,6.48,3.42,5.14,12.77,7.62,12.07,5.89,5.54,2.71,14.41,9.15,9.67,3.32,11.49,14.45,0.54,13.51,3.63,12.05,14.56,13.95,15.86,10.51,8.79,11.8,14.25,2.96,11.52,15.86,11.09,11.65,12.08,12.39,9.76,13.19,8.29,7.44,9.65,5.06,4.01,8.06,14.21,14.52,5.22,11.85,34.36,9.81,4.85,8.06,10.79,6.85,11.47,3.76,10.47,14.51,5.76,8.94,4.8,7.27,1.04,1.26,9.68,5.78,8.19,12.46,11.92,5.44,14.34,2.68,5.36,7.81,8.45,13.19,16.79,1.88,5.94,15.47,4.57,19.41,10.27,3.91,15.2
  22  13,6.54,21.2,9.0,2.69,6.27,4.55,11.65,14.96,9.54,15.33,3.39,9.76,999.0,1.94,15.98,2.63,4.47,3.27,10.9,20.63,1.66,22.39,14.39,11.55,6.26,4.47,16.9,7.9,11.48,10.29,6.79,3.27,9.68,13.62,0.74,1.05,13.59,4.47,9.5,4.47,10.52,11.78,11.68,2.69,3.28,4.16,5.95,10.0,5.82,3.76,8.82,8.42,13.21,2.92,11.68,4.16,8.2,8.38,8.05,1.9,1.94,17.07,5.38,9.63,2.46,9.55,4.32,9.4,11.65,20.46,3.84,15.19,4.47,15.46,13.8,6.8,9.55,6.29,1.94,6.75,4.0,12.24,4.47,5.54,3.7,10.65,16.05,15.1,3.71,2.82,3.4,8.43,17.22,8.86,4.68,11.68,2.33,9.54,7.18,2.1,1.88,16.6,7.59,15.93,15.17,4.04,13.4,15.17,23.38,17.38,5.78,9.12,11.55,1.94,8.05,1.19,25.67,10.99,4.03,11.09,13.2,22.34,6.99,21.54,6.51,4.61,7.99,16.45,18.68,11.68,6.76,20.56,15.65,9.55,3.83,11.31,3.1,24.1,8.05,15.03,2.32,1.23,20.71,10.46,6.97,21.27,15.03,2.08,21.33,9.23,3.03,12.08,3.62,1.49,8.09,2.39,12.71,8.86,4.47,23.72,14.09,4.55,21.24,42.04,6.95,6.26,4.47,3.25,6.69,11.21,7.13,2.77,15.67,4.23,2.24,7.0,15.95,10.76,9.24,14.53,4.02,6.14,8.49,20.96,5.26,8.48,7.5,7.02,16.96,9.82,13.5,16.54,8.7,6.37,16.95,5.19,22.31,1.72,5.95,17.38
  23  14,6.58,20.4,10.6,3.24,6.17,3.94,13.16,15.76,10.96,14.93,4.86,9.01,1.94,999.0,17.09,4.32,5.62,1.77,10.88,20.31,0.28,21.73,15.5,12.72,5.6,5.62,18.16,9.76,10.75,11.83,5.28,3.19,8.27,14.89,1.87,2.53,14.93,5.62,8.22,5.62,9.34,10.5,12.61,4.18,2.01,2.81,5.07,10.09,4.33,3.42,10.59,9.25,12.69,3.86,12.61,2.81,7.85,10.22,7.24,3.82,0.01,18.45,4.44,11.16,1.11,8.9,6.23,10.49,13.16,20.16,4.59,16.45,5.62,17.11,14.92,7.15,8.9,7.88,1.26,8.68,4.76,11.55,5.62,6.25,2.21,11.3,15.79,16.09,5.64,4.55,1.74,9.89,17.35,8.95,3.86,12.61,3.31,10.96,6.16,3.43,2.03,17.87,8.41,17.5,16.63,3.23,14.0,16.63,23.03,18.5,4.41,10.74,12.72,0.01,7.24,2.49,26.05,11.72,2.65,9.8,13.05,21.25,7.95,21.04,7.04,3.5,7.74,17.57,18.13,12.61,5.77,20.24,16.88,8.9,5.31,11.14,3.04,23.55,9.93,16.53,1.52,2.43,20.45,12.2,6.52,20.37,16.53,2.12,20.66,10.81,3.42,12.99,5.26,2.03,8.94,4.1,12.64,8.95,5.62,23.19,15.51,3.94,20.78,42.28,8.36,4.86,5.62,2.08,7.48,12.49,5.88,4.64,16.91,4.23,3.7,7.25,15.72,9.95,8.74,15.1,3.77,7.28,10.19,20.66,3.9,10.37,6.49,5.42,16.58,10.73,14.79,18.0,7.66,4.7,18.17,4.61,20.37,1.29,5.1,18.5
  24  15,11.69,18.8,8.13,13.85,12.28,14.46,5.82,3.12,6.88,12.62,12.63,13.96,15.98,17.09,999.0,16.5,11.53,18.86,9.9,14.42,16.92,18.48,1.59,4.43,14.03,11.53,2.0,11.0,14.05,6.87,17.23,19.18,17.58,2.79,15.5,14.95,3.29,11.53,16.81,11.53,16.51,17.6,4.64,17.07,19.04,16.3,14.78,9.68,16.88,19.72,9.61,7.98,12.97,13.24,4.64,16.3,12.31,10.65,14.27,15.49,17.09,3.34,15.06,7.3,16.43,13.45,13.34,6.6,5.82,14.14,19.01,1.74,11.53,6.73,2.18,10.62,13.45,10.18,17.82,12.9,19.11,13.9,11.53,10.93,16.62,6.59,11.79,1.56,14.77,16.35,18.81,7.97,9.14,10.2,14.9,4.64,17.74,6.88,15.2,17.17,17.85,1.88,8.8,5.53,4.06,15.1,5.22,4.06,16.5,1.41,16.43,8.19,4.43,17.09,14.27,16.84,12.63,6.02,16.35,17.36,10.47,22.17,9.14,16.54,10.39,15.64,12.0,0.49,15.21,4.64,15.08,14.39,1.28,13.45,17.47,10.72,19.03,18.7,11.44,4.47,18.21,14.87,13.92,8.59,13.06,19.74,4.47,18.05,17.73,7.84,18.75,4.39,16.87,15.08,8.24,13.76,10.01,10.2,11.53,18.24,3.74,14.46,16.03,28.61,9.2,16.63,11.53,19.06,9.7,4.97,16.16,13.87,1.34,13.35,13.74,10.76,11.56,14.4,12.79,5.13,13.97,9.85,9.11,14.5,16.36,11.41,15.11,17.72,13.07,6.46,3.04,4.09,15.32,17.82,1.57,14.13,33.36,17.63,14.68,1.41
  25  16,8.64,23.62,8.78,4.86,8.48,7.07,11.51,15.96,9.7,17.53,4.27,12.22,2.63,4.32,16.5,999.0,5.65,4.96,12.88,22.74,4.06,24.74,14.93,12.1,8.76,5.65,17.13,6.88,13.92,10.15,9.41,3.45,12.31,13.92,3.27,3.1,13.76,5.65,12.13,5.65,13.12,14.4,12.59,0.6,4.76,6.79,8.51,11.92,8.44,4.05,8.09,9.62,15.51,4.71,12.59,6.79,10.49,7.39,10.56,1.22,4.32,17.08,7.97,9.54,5.06,11.97,3.35,10.18,11.51,22.55,2.54,15.47,5.65,14.87,14.36,8.63,11.97,6.34,3.61,5.25,2.62,14.65,5.65,7.13,6.31,11.96,18.15,15.84,2.05,0.28,5.24,8.58,18.98,10.82,7.25,12.59,1.71,9.7,9.77,1.14,2.86,16.84,8.87,15.55,15.04,6.63,14.69,15.04,25.5,17.86,8.41,8.84,12.1,4.32,10.56,1.85,27.08,12.2,6.66,13.71,15.25,24.9,8.12,23.78,8.18,7.23,10.23,16.95,20.96,12.59,9.34,22.67,15.97,11.97,1.31,13.41,3.36,26.37,6.85,14.84,3.81,3.44,22.76,9.75,9.34,23.74,14.84,2.98,23.67,9.06,2.73,13.02,0.99,3.97,9.27,3.12,14.71,10.82,5.65,25.97,14.09,7.07,23.46,43.54,7.31,8.89,5.65,4.63,8.07,11.56,9.76,2.7,15.99,6.52,3.59,8.91,18.03,13.25,11.6,15.84,6.44,7.1,8.04,23.06,7.89,7.24,10.07,9.63,19.14,10.84,13.75,16.41,11.27,8.96,17.27,7.68,24.46,3.4,8.5,17.86
  26  17,3.79,18.88,5.31,2.51,3.96,4.33,7.67,10.52,5.4,12.38,1.38,8.06,4.47,5.62,11.53,5.65,999.0,7.37,7.51,17.38,5.43,19.77,9.94,7.12,5.25,0.01,12.55,5.63,9.53,6.39,7.7,7.73,9.73,9.27,3.97,3.43,9.32,0.01,9.23,0.01,9.81,11.22,7.21,6.11,7.52,5.65,5.54,6.51,6.93,8.24,5.87,4.02,10.63,1.77,7.21,5.65,5.87,5.95,6.81,4.45,5.62,12.83,5.36,5.73,5.14,7.64,3.8,4.94,7.67,17.17,7.9,10.83,0.01,11.79,9.35,3.29,7.64,2.8,6.28,5.7,8.02,10.11,0.01,1.66,5.71,6.33,12.82,10.63,4.72,5.6,7.36,4.39,13.37,5.5,4.79,7.21,6.47,5.4,6.7,5.97,6.35,12.25,3.24,12.04,11.07,4.59,9.08,11.07,20.13,12.94,6.59,5.5,7.12,5.62,6.81,5.44,21.46,6.61,5.64,10.61,9.9,20.71,2.55,18.61,2.7,5.35,5.5,12.01,15.91,7.21,6.32,17.31,11.26,7.64,6.89,8.18,7.56,21.21,6.04,10.99,6.68,3.34,17.34,7.25,5.18,19.19,10.99,6.55,18.71,5.46,7.39,7.62,6.37,3.59,3.68,2.53,9.32,5.5,0.01,20.8,9.92,4.33,18.25,37.9,2.86,7.01,0.01,7.53,2.42,6.87,7.25,3.06,11.29,2.99,2.27,3.65,12.68,9.08,7.07,10.23,3.49,1.68,5.2,17.68,6.25,6.47,6.87,8.13,13.93,5.37,9.17,12.42,7.88,7.84,12.56,4.49,24.54,6.1,5.47,12.94
  27  18,8.24,21.46,12.22,5.02,7.78,5.43,14.83,17.53,12.66,16.3,6.52,10.23,3.27,1.77,18.86,4.96,7.37,999.0,12.47,21.7,1.94,22.88,17.27,14.48,6.98,7.37,19.91,11.15,11.95,13.49,5.9,2.41,8.89,16.63,3.48,4.12,16.66,7.37,8.99,7.37,10.18,11.21,14.39,4.62,0.43,3.91,6.34,11.71,5.07,2.32,12.08,11.02,14.0,5.62,14.39,3.91,9.33,11.63,8.47,4.87,1.77,20.17,5.71,12.82,2.65,10.19,7.52,12.26,14.83,21.56,4.25,18.2,7.37,18.71,16.68,8.87,10.19,9.5,1.41,9.88,4.41,12.77,7.37,8.01,3.28,13.06,17.23,17.86,6.68,5.23,0.36,11.58,18.95,10.58,5.25,14.39,3.47,12.66,7.26,3.87,2.11,19.62,10.18,19.15,18.33,4.68,15.74,18.33,24.38,20.27,5.3,12.36,14.48,1.77,8.47,3.19,27.72,13.48,3.76,10.52,14.56,22.05,9.72,22.31,8.79,4.73,9.26,19.33,19.39,14.39,6.92,21.63,18.63,10.19,5.61,12.65,2.33,24.78,11.27,18.21,1.15,4.09,21.88,13.73,7.99,21.35,18.21,2.02,21.83,12.44,3.01,14.76,5.75,3.78,10.71,5.64,14.18,10.58,7.37,24.44,17.22,5.43,22.08,43.9,10.06,5.66,7.37,0.61,9.25,14.23,6.78,6.03,18.66,5.92,5.34,8.95,17.17,11.11,10.12,16.83,5.42,9.03,11.75,22.06,4.84,11.7,7.6,5.9,17.95,12.51,16.53,19.69,8.7,5.11,19.92,6.08,19.51,1.65,6.39,20.27
  28  19,4.36,11.72,9.72,8.21,4.72,7.04,10.24,7.15,8.54,4.96,8.83,4.18,10.9,10.88,9.9,12.88,7.51,12.47,999.0,9.89,10.86,12.39,8.79,7.46,5.7,7.51,11.76,11.86,4.17,9.78,8.49,13.92,7.95,9.4,10.17,9.98,9.96,7.51,7.17,7.51,6.68,7.71,5.93,13.24,12.82,8.77,6.47,1.01,8.55,14.26,11.28,4.83,3.75,8.18,5.93,8.77,3.31,11.93,5.02,11.66,10.88,12.8,7.01,9.43,9.84,3.71,11.26,6.23,10.24,9.69,14.73,10.42,7.51,14.17,8.38,4.27,3.71,8.98,12.05,12.72,14.89,4.15,7.51,5.86,9.33,3.84,5.32,8.38,12.22,12.89,12.26,8.49,6.48,2.06,7.28,5.93,13.22,8.54,6.26,12.88,12.54,11.55,4.99,13.65,12.1,7.8,4.84,12.1,12.65,11.09,8.1,9.97,7.46,10.88,5.02,12.08,15.37,4.36,8.9,7.51,2.39,14.13,5.8,11.12,4.81,7.94,3.26,10.34,8.5,5.93,6.34,9.82,10.51,3.71,14.18,0.96,13.76,13.73,12.4,12.3,12.38,9.7,9.88,11.81,4.59,12.22,12.3,12.71,11.35,9.63,13.88,5.92,13.72,9.45,5.03,9.83,1.83,2.06,7.51,13.31,10.94,7.04,10.75,31.43,8.0,8.09,7.51,12.92,5.32,8.19,7.23,10.51,10.57,6.73,9.29,3.97,5.18,4.5,3.18,5.51,7.12,6.76,10.38,10.19,8.28,12.71,6.05,8.93,6.44,5.23,9.53,13.04,5.82,9.32,11.45,6.42,23.55,11.97,6.39,11.09
  29  20,14.12,5.34,18.57,17.98,14.36,16.38,18.02,11.53,17.13,5.41,18.71,11.56,20.63,20.31,14.42,22.74,17.38,21.7,9.89,999.0,20.34,4.26,14.39,14.95,14.74,17.38,16.32,21.18,9.96,18.13,16.5,23.47,14.36,15.79,19.89,19.78,16.51,17.38,13.79,17.38,12.62,12.5,13.27,23.07,22.09,17.8,15.36,10.87,16.98,23.73,20.3,14.16,7.73,18.03,13.27,17.8,12.49,21.13,13.27,21.53,20.31,17.73,15.98,18.03,19.21,11.52,21.08,14.93,18.02,0.29,24.47,15.89,17.38,20.83,14.36,14.16,11.52,18.53,21.55,22.33,24.63,9.13,17.38,15.74,18.43,12.16,4.59,13.13,22.1,22.76,21.43,17.49,5.34,11.94,16.48,13.27,22.96,17.13,14.56,22.67,22.15,16.27,14.59,19.82,18.22,17.09,10.47,18.22,2.76,14.78,16.62,18.79,14.95,20.31,13.27,21.82,9.82,12.33,17.95,12.9,7.5,9.17,15.44,2.21,14.68,16.97,12.65,14.6,3.14,13.27,14.85,0.07,15.62,11.52,24.05,9.34,23.31,4.33,21.72,18.58,21.84,19.48,0.72,20.34,13.79,6.55,18.58,22.29,3.85,18.39,23.53,12.94,23.6,19.15,14.45,19.72,8.06,11.94,17.38,3.87,17.43,16.38,1.7,23.28,17.44,16.4,17.38,22.23,15.1,15.95,15.29,20.39,15.68,16.4,19.16,13.84,4.71,10.85,11.59,9.8,16.68,16.47,19.43,0.38,16.98,21.97,14.24,16.79,3.75,13.83,16.04,18.51,13.32,17.44,15.79,15.7,26.5,21.51,15.31,14.78
  30  21,6.54,20.5,10.36,3.1,6.14,3.97,12.93,15.63,10.74,14.97,4.62,9.1,1.66,0.28,16.92,4.06,5.43,1.94,10.86,20.34,999.0,21.81,15.33,12.54,5.65,5.43,17.97,9.49,10.83,11.6,5.48,3.13,8.46,14.7,1.61,2.28,14.73,5.43,8.39,5.43,9.49,10.67,12.46,3.94,2.14,2.96,5.16,10.05,4.53,3.4,10.33,9.1,12.74,3.68,12.46,2.96,7.87,9.96,7.33,3.54,0.28,18.24,4.54,10.93,1.21,8.97,5.95,10.32,12.93,20.19,4.44,16.26,5.43,16.87,14.74,7.06,8.97,7.64,1.2,8.4,4.61,11.63,5.43,6.11,2.38,11.19,15.81,15.93,5.36,4.29,1.95,9.67,17.31,8.91,3.93,12.46,3.12,10.74,6.28,3.21,1.9,17.68,8.26,17.27,16.41,3.28,13.9,16.41,23.07,18.33,4.58,10.5,12.54,0.28,7.33,2.25,25.98,11.59,2.81,9.97,13.05,21.4,7.79,21.1,6.93,3.61,7.74,17.4,18.19,12.46,5.88,20.28,16.69,8.97,5.08,11.14,2.97,23.62,9.66,16.31,1.52,2.19,20.48,11.95,6.55,20.49,16.31,2.0,20.75,10.57,3.3,12.84,5.01,1.84,8.8,3.84,12.63,8.91,5.43,23.26,15.3,3.97,20.83,42.24,8.14,5.04,5.43,2.18,7.34,12.3,6.03,4.36,16.72,4.17,3.46,7.18,15.73,10.05,8.78,15.0,3.74,7.09,9.94,20.69,4.07,10.1,6.61,5.64,16.62,10.58,14.6,17.78,7.79,4.93,17.98,4.64,20.65,1.18,5.18,18.33
  31  22,16.17,2.0,21.79,19.88,16.26,17.9,21.59,15.49,20.43,7.42,21.01,12.72,22.39,21.73,18.48,24.74,19.77,22.88,12.39,4.26,21.81,999.0,18.3,18.51,16.18,19.77,20.42,24.18,10.98,21.53,17.21,24.91,14.58,19.61,21.66,21.67,20.32,19.77,14.19,19.77,12.95,12.36,16.8,24.99,23.31,19.01,16.65,13.39,17.88,25.08,23.47,17.09,9.23,20.09,16.8,19.01,14.25,24.21,14.48,23.57,21.73,21.81,17.28,21.34,20.62,12.86,23.56,18.14,21.59,4.54,26.16,19.86,19.77,24.71,18.21,16.48,12.86,21.35,22.99,25.11,26.33,10.19,19.77,18.11,19.65,15.37,7.36,17.11,24.41,24.81,22.57,20.63,9.35,14.29,17.89,16.8,24.69,20.43,15.63,24.49,23.69,20.35,17.36,23.76,22.15,18.53,14.14,22.15,3.98,18.94,17.6,22.03,18.51,21.73,14.48,23.57,13.41,15.65,19.16,12.93,10.09,5.4,18.18,2.06,17.1,18.24,14.52,18.69,3.89,16.8,15.99,4.28,19.64,12.86,26.05,11.61,24.77,2.28,24.72,22.48,23.22,21.34,4.93,23.71,15.43,3.09,22.48,23.81,1.07,21.65,25.1,16.53,25.66,20.91,17.33,21.89,10.73,14.29,19.77,2.19,21.27,17.9,2.56,24.7,20.34,17.28,19.77,23.46,17.7,19.48,16.15,22.64,19.7,18.23,21.25,16.12,7.57,11.79,13.16,13.63,18.38,19.14,22.57,4.35,18.04,25.02,15.29,17.39,6.06,17.04,19.85,22.54,14.19,18.13,19.9,17.24,24.26,22.99,16.63,18.94
  32  23,10.22,18.44,6.68,12.27,10.81,12.94,4.58,2.86,5.37,12.01,11.03,12.73,14.39,15.5,1.59,14.93,9.94,17.27,8.79,14.39,15.33,18.3,999.0,2.84,12.58,9.94,3.02,9.61,12.96,5.49,15.78,17.59,16.27,1.6,13.91,13.36,2.28,9.94,15.51,9.94,15.28,16.43,3.18,15.5,17.45,14.76,13.31,8.46,15.4,18.13,8.25,6.44,12.09,11.66,3.18,14.76,10.97,9.28,12.92,13.91,15.5,4.02,13.57,5.85,14.86,12.21,11.8,5.02,4.58,14.1,17.43,1.67,9.94,6.45,0.59,9.12,12.21,8.62,16.23,11.47,17.53,12.88,9.94,9.37,15.07,5.25,11.32,1.42,13.22,14.78,17.23,6.43,9.05,8.87,13.39,3.18,16.16,5.37,13.79,15.59,16.25,2.78,7.25,5.47,3.85,13.56,4.42,3.85,16.64,3.0,14.95,6.76,2.84,15.5,12.92,15.25,13.66,4.67,14.81,16.15,9.66,21.67,7.57,16.43,8.86,14.13,10.63,2.06,14.85,3.18,13.65,14.35,1.72,12.21,15.91,9.66,17.43,18.71,10.07,4.19,16.62,13.28,13.94,7.38,11.65,19.31,4.19,16.46,17.49,6.39,17.16,3.0,15.32,13.49,6.69,12.17,9.14,8.87,9.94,18.25,3.08,12.94,15.92,29.84,7.62,15.17,9.94,17.47,8.14,3.44,14.74,12.29,1.78,11.81,12.15,9.28,11.09,13.25,11.53,4.68,12.43,8.26,7.68,14.5,14.86,10.07,13.73,16.27,12.64,4.93,1.88,4.4,14.0,16.35,2.82,12.63,32.07,16.04,13.21,3.0
  33  24,7.83,18.35,4.21,9.5,8.41,10.37,3.08,4.38,2.75,11.58,8.19,10.95,11.55,12.72,4.43,12.1,7.12,14.48,7.46,14.95,12.54,18.51,2.84,999.0,10.22,7.12,5.49,7.18,11.5,3.33,13.39,14.75,14.22,2.31,11.09,10.52,2.65,7.12,13.5,7.12,13.45,14.71,1.72,12.67,14.64,12.14,10.9,6.85,12.92,15.29,5.94,3.92,11.11,8.86,1.72,12.14,8.93,6.94,10.82,11.07,12.72,6.02,11.09,3.45,12.11,10.41,9.02,2.26,3.08,14.68,14.6,3.79,7.12,6.71,2.27,6.68,10.41,5.82,13.4,8.92,14.7,11.59,7.12,6.68,12.4,3.62,11.21,3.8,10.44,11.96,14.45,3.7,9.77,6.94,10.83,1.72,13.31,2.75,11.54,12.75,13.42,5.2,4.65,6.24,4.79,10.95,4.48,4.79,17.45,5.83,12.48,4.36,0.01,12.72,10.82,12.41,15.85,3.13,12.18,14.34,8.95,21.25,4.83,16.81,6.31,11.56,8.55,4.9,14.81,1.72,11.34,14.9,4.17,10.41,13.11,8.41,14.59,19.26,7.69,4.92,13.8,10.46,14.62,5.51,9.39,19.08,4.92,13.62,17.6,3.95,14.32,2.01,12.52,10.7,4.1,9.32,8.34,6.94,7.12,18.8,3.57,10.37,16.33,32.23,4.79,12.75,7.12,14.66,5.49,1.01,12.44,9.45,4.21,9.17,9.31,6.91,10.99,11.62,9.69,5.33,9.79,5.45,5.22,15.13,12.34,7.77,11.52,13.88,12.55,2.54,2.31,5.92,11.96,13.88,5.45,10.13,29.99,13.21,10.81,5.83
  34  25,2.39,14.94,10.11,4.02,1.81,1.72,11.93,11.92,9.66,9.34,5.91,3.5,6.26,5.6,14.03,8.76,5.25,6.98,5.7,14.74,5.65,16.18,12.58,10.22,999.0,5.25,15.56,10.88,5.23,10.89,3.2,8.78,4.5,12.52,5.54,5.67,12.83,5.25,3.98,5.25,4.64,6.03,9.41,8.93,7.36,3.12,0.79,5.14,2.95,9.0,11.0,6.31,7.09,4.54,9.41,3.12,2.41,11.18,1.81,7.68,5.6,16.24,1.32,10.29,4.49,3.32,8.57,8.08,11.93,14.6,9.98,13.93,5.25,16.21,12.03,3.55,3.32,7.96,6.85,10.81,10.15,6.0,5.25,4.18,3.72,7.5,10.26,12.71,8.94,8.87,6.72,8.95,12.14,4.14,1.74,9.41,8.52,9.66,1.48,8.36,7.51,15.29,5.65,16.15,14.89,2.37,9.79,14.89,17.44,15.4,2.48,10.34,10.22,5.6,1.81,7.41,21.07,8.04,3.26,5.39,7.63,16.15,5.81,15.44,4.02,2.28,2.45,14.51,12.54,9.41,1.16,14.67,14.22,3.32,10.04,5.74,8.63,17.97,11.29,14.93,7.12,5.32,14.9,12.22,1.12,15.01,14.93,7.64,15.11,10.18,8.92,9.65,9.73,4.8,6.17,6.35,7.29,4.14,5.25,17.6,13.67,1.72,15.18,37.05,7.63,2.61,5.25,7.49,5.0,10.45,2.24,7.19,14.27,2.46,5.62,3.32,10.2,4.5,3.15,10.74,2.33,5.96,10.24,15.09,2.59,11.71,1.63,3.69,11.0,7.73,12.53,16.11,2.69,3.84,15.4,1.08,19.88,6.83,0.7,15.4
  35  26,3.79,18.88,5.31,2.51,3.96,4.33,7.67,10.52,5.4,12.38,1.38,8.06,4.47,5.62,11.53,5.65,0.01,7.37,7.51,17.38,5.43,19.77,9.94,7.12,5.25,999.0,12.55,5.63,9.53,6.39,7.7,7.73,9.73,9.27,3.97,3.43,9.32,0.01,9.23,0.01,9.81,11.22,7.21,6.11,7.52,5.65,5.54,6.51,6.93,8.24,5.87,4.02,10.63,1.77,7.21,5.65,5.87,5.95,6.81,4.45,5.62,12.83,5.36,5.73,5.14,7.64,3.8,4.94,7.67,17.17,7.9,10.83,0.01,11.79,9.35,3.29,7.64,2.8,6.28,5.7,8.02,10.11,0.01,1.66,5.71,6.33,12.82,10.63,4.72,5.6,7.36,4.39,13.37,5.5,4.79,7.21,6.47,5.4,6.7,5.97,6.35,12.25,3.24,12.04,11.07,4.59,9.08,11.07,20.13,12.94,6.59,5.5,7.12,5.62,6.81,5.44,21.46,6.61,5.64,10.61,9.9,20.71,2.55,18.61,2.7,5.35,5.5,12.01,15.91,7.21,6.32,17.31,11.26,7.64,6.89,8.18,7.56,21.21,6.04,10.99,6.68,3.34,17.34,7.25,5.18,19.19,10.99,6.55,18.71,5.46,7.39,7.62,6.37,3.59,3.68,2.53,9.32,5.5,0.01,20.8,9.92,4.33,18.25,37.9,2.86,7.01,0.01,7.53,2.42,6.87,7.25,3.06,11.29,2.99,2.27,3.65,12.68,9.08,7.07,10.23,3.49,1.68,5.2,17.68,6.25,6.47,6.87,8.13,13.93,5.37,9.17,12.42,7.88,7.84,12.56,4.49,24.54,6.1,5.47,12.94
  36  27,13.18,20.78,8.44,14.97,13.78,15.83,5.81,5.12,7.45,14.63,13.51,15.75,16.9,18.16,2.0,17.13,12.55,19.91,11.76,16.32,17.97,20.42,3.02,5.49,15.56,12.55,999.0,11.09,15.93,7.08,18.75,20.02,19.29,3.28,16.48,15.89,3.38,12.55,18.54,12.55,18.3,19.44,6.19,17.72,20.06,17.62,16.28,11.47,18.34,20.58,9.67,9.33,14.93,14.3,6.19,17.62,13.99,10.68,15.94,16.2,18.16,1.42,16.51,7.63,17.59,15.23,13.86,7.75,5.81,16.04,19.67,1.71,12.55,5.38,3.54,12.06,15.23,10.81,18.79,13.06,19.75,15.81,12.55,12.17,17.89,8.27,13.79,3.54,15.28,16.95,19.9,8.57,11.08,11.9,16.29,6.19,18.49,7.45,16.8,17.9,18.74,0.3,10.11,4.05,2.93,16.43,7.18,2.93,18.32,1.74,17.89,8.44,5.49,18.16,15.94,17.67,13.7,7.69,17.67,19.17,12.45,24.17,10.32,18.46,11.76,17.02,13.65,1.73,17.2,6.19,16.64,16.29,1.34,15.23,18.0,12.61,19.87,20.57,11.47,3.35,19.18,15.86,15.8,8.39,14.64,21.73,3.35,18.94,19.69,8.15,19.53,6.02,17.39,16.13,9.55,14.59,11.97,11.9,12.55,20.12,3.26,15.83,17.95,29.24,9.97,18.13,12.55,20.06,10.97,5.69,17.74,14.59,1.3,14.65,14.67,12.25,13.56,16.24,14.55,7.14,15.27,10.89,9.34,16.38,17.78,11.36,16.74,19.24,15.07,7.85,3.41,2.39,17.02,19.29,0.56,15.56,35.1,18.59,16.18,1.74
  37  28,9.18,23.58,2.97,7.6,9.48,9.87,5.29,11.56,4.45,16.79,5.32,13.48,7.9,9.76,11.0,6.88,5.63,11.15,11.86,21.18,9.49,24.18,9.61,7.18,10.88,5.63,11.09,999.0,14.79,4.13,13.2,10.27,15.36,8.22,7.91,7.25,7.82,5.63,14.86,5.63,15.4,16.81,8.43,7.47,11.1,10.88,11.16,10.9,12.35,10.87,1.42,7.1,15.46,6.8,8.43,10.88,11.2,0.51,12.39,6.39,9.76,10.74,10.93,3.77,9.8,13.01,3.66,6.31,5.29,20.93,9.33,9.6,5.63,8.03,9.14,8.32,13.01,3.03,9.76,1.98,9.36,15.25,5.63,6.91,10.75,9.03,16.89,10.85,4.84,6.64,11.3,3.75,16.38,10.19,10.31,8.43,8.53,4.45,12.33,7.92,9.32,10.82,6.88,8.83,8.59,9.98,11.21,8.59,23.84,12.2,12.07,2.85,7.18,9.76,12.39,8.12,23.03,8.93,10.82,16.22,14.1,25.81,6.11,22.75,7.63,10.77,10.79,11.37,20.31,8.43,11.95,21.12,10.15,13.01,7.37,12.73,10.16,25.32,0.55,8.31,10.1,7.44,20.98,2.95,10.73,24.05,8.31,9.5,23.17,3.24,9.6,8.86,6.8,8.03,6.85,5.69,13.46,10.19,5.63,24.88,7.85,9.87,22.32,39.38,3.87,12.52,5.63,11.03,6.76,6.28,12.86,5.14,10.15,8.58,6.25,8.73,16.7,14.46,12.37,12.24,9.01,5.33,1.96,21.42,11.67,0.87,12.51,13.6,18.14,7.39,7.98,9.91,13.49,13.2,11.36,10.11,29.83,9.53,11.09,12.2
  38  29,5.74,9.71,13.14,9.09,5.64,6.95,14.11,11.19,12.18,4.65,10.58,1.74,11.48,10.75,14.05,13.92,9.53,11.95,4.17,9.96,10.83,10.98,12.96,11.5,5.23,9.53,15.93,14.79,999.0,13.46,6.55,13.94,4.69,13.53,10.76,10.83,14.07,9.53,4.01,9.53,3.03,3.7,10.06,14.13,12.36,8.05,5.68,4.65,7.06,14.11,14.5,8.31,2.3,9.43,10.06,8.05,3.67,14.96,3.51,12.8,10.75,16.97,6.31,13.01,9.64,1.96,13.26,9.98,14.11,9.86,15.2,14.58,9.53,18.18,12.54,6.47,1.96,11.76,12.01,15.21,15.37,0.83,9.53,7.97,8.69,7.92,5.87,12.51,13.87,14.02,11.65,11.88,8.75,4.81,6.91,10.06,13.74,12.18,4.69,13.58,12.72,15.71,8.13,17.74,16.22,7.56,8.89,16.22,12.55,15.2,6.73,13.4,11.5,10.75,3.51,12.64,17.68,8.47,8.21,3.68,4.25,11.18,8.77,10.37,7.16,7.27,4.04,14.47,7.44,10.06,5.03,9.89,14.68,1.96,15.22,3.33,13.79,12.83,15.28,16.4,12.25,10.49,10.25,15.31,4.6,9.83,16.4,12.83,9.91,13.11,14.13,10.07,14.88,10.01,8.39,11.28,4.38,4.81,9.53,12.49,15.04,6.95,10.16,32.94,11.02,6.47,9.53,12.51,8.05,12.15,5.35,12.09,14.74,7.43,10.59,6.06,5.9,0.89,2.46,9.39,7.49,9.46,13.62,10.33,7.13,15.65,4.36,6.84,6.23,9.12,13.65,17.19,3.37,7.49,15.6,6.3,19.61,12.01,5.65,15.2
  39  30,8.65,21.22,1.37,8.89,9.14,10.49,1.37,7.65,1.29,14.37,6.98,12.54,10.29,11.83,6.87,10.15,6.39,13.49,9.78,18.13,11.6,21.53,5.49,3.33,10.89,6.39,7.08,4.13,13.46,999.0,13.81,13.23,15.29,4.09,10.01,9.37,3.74,6.39,14.64,6.39,14.86,16.22,4.89,10.74,13.56,12.01,11.42,8.96,13.15,13.81,2.76,5.15,13.53,8.11,4.89,12.01,10.29,3.79,11.95,9.31,11.83,6.93,11.42,0.67,11.5,12.01,6.82,3.54,1.37,17.87,12.69,5.51,6.39,5.41,5.05,7.52,12.01,4.0,12.23,6.04,12.76,13.72,6.39,6.77,12.11,6.2,14.18,6.77,8.23,9.95,13.54,2.01,13.03,8.65,10.98,4.89,11.61,1.29,12.34,11.0,12.03,6.8,5.46,5.67,4.91,10.89,7.74,4.91,20.68,8.09,12.76,1.36,3.33,11.83,11.95,10.9,19.04,5.89,12.01,15.74,11.67,23.89,5.09,19.91,6.92,11.62,9.88,7.24,17.74,4.89,12.05,18.08,6.06,12.01,10.94,10.73,13.09,22.41,4.58,4.75,12.61,9.41,17.84,2.22,10.33,21.86,4.75,12.23,20.58,1.09,12.67,5.26,10.34,9.83,5.1,7.9,11.03,8.65,6.39,21.95,3.94,10.49,19.45,35.31,3.53,13.13,6.39,13.53,5.91,2.32,13.11,7.74,6.06,9.16,8.15,7.87,13.96,13.38,11.3,8.65,9.74,5.04,2.26,18.33,12.5,4.59,12.41,14.28,15.5,4.58,3.86,6.29,13.12,14.09,7.3,10.47,30.7,12.01,11.33,8.09
  40  31,5.57,15.69,12.9,5.65,4.98,3.37,14.94,15.07,12.64,11.16,7.91,5.01,6.79,5.28,17.23,9.41,7.7,5.9,8.49,16.5,5.48,17.21,15.78,13.39,3.2,7.7,18.75,13.2,6.55,13.81,999.0,8.2,3.02,15.69,6.24,6.67,15.98,7.7,3.1,7.7,4.33,5.32,12.61,9.38,6.33,2.63,2.48,8.11,0.97,8.21,13.56,9.47,8.8,6.41,12.61,2.63,5.24,13.56,3.53,8.61,5.28,19.41,2.39,13.18,4.36,5.19,10.3,11.21,14.94,16.4,9.83,17.12,7.7,19.2,15.23,6.71,5.19,10.5,6.43,12.73,10.0,7.37,7.7,7.05,3.11,10.68,12.3,15.9,10.24,9.61,5.55,11.82,14.69,7.23,2.91,12.61,8.59,12.64,2.23,8.67,7.28,18.48,8.77,19.22,18.0,3.23,12.89,18.0,19.08,18.59,1.13,13.12,13.39,5.28,3.53,7.69,23.71,11.23,2.76,4.62,10.03,16.15,8.83,16.83,7.11,2.45,5.43,17.71,13.91,12.61,2.21,16.43,17.41,5.19,10.53,8.29,8.08,19.21,13.54,18.03,6.54,6.35,16.78,14.93,4.2,15.51,18.03,7.33,16.17,13.01,8.61,12.84,10.4,5.69,9.31,7.9,9.84,7.23,7.7,18.9,16.79,3.37,16.65,39.37,10.4,0.69,7.7,6.5,8.04,13.57,1.28,8.71,17.46,4.72,7.19,6.51,12.29,5.65,5.44,13.8,4.21,8.78,12.89,16.87,1.59,13.98,2.47,0.49,12.77,10.92,15.69,19.25,3.18,0.94,18.6,3.35,16.9,6.53,2.58,18.59
  41  32,9.57,23.57,11.89,5.85,9.21,7.1,14.6,18.23,12.6,18.1,6.56,12.2,3.27,3.19,19.18,3.45,7.73,2.41,13.92,23.47,3.13,24.91,17.59,14.75,8.78,7.73,20.02,10.27,13.94,13.23,8.2,999.0,11.22,16.76,3.89,4.32,16.68,7.73,11.25,7.73,12.42,13.51,14.94,2.93,2.01,5.94,8.26,13.08,7.32,0.6,11.4,11.69,15.87,6.18,14.94,5.94,10.99,10.78,10.43,3.95,3.19,20.11,7.63,12.59,4.3,12.09,6.64,12.64,14.6,23.32,1.9,18.33,7.73,18.17,17.01,9.97,12.09,9.26,1.93,8.7,2.04,14.74,7.73,8.79,5.31,13.91,18.93,18.35,5.47,3.73,2.78,11.48,20.34,11.93,7.05,14.94,1.75,12.6,9.32,2.36,1.41,19.73,10.86,18.77,18.14,6.41,16.65,18.14,26.2,20.58,7.48,11.98,14.75,3.19,10.43,2.35,28.89,14.26,5.78,12.81,16.15,24.32,10.26,24.22,9.73,6.68,10.85,19.65,21.32,14.94,8.94,23.4,18.8,12.09,3.63,14.24,0.17,26.74,10.28,17.97,1.7,4.48,23.6,13.08,9.68,23.52,17.97,1.23,23.85,12.14,0.78,15.34,3.94,4.53,11.35,5.44,15.71,11.93,7.73,26.38,17.12,7.1,23.96,45.22,10.05,7.89,7.73,1.83,9.96,14.35,8.96,5.49,18.82,7.2,5.46,10.13,18.85,13.13,11.91,17.78,6.83,9.39,11.25,23.82,6.99,10.67,9.66,8.25,19.75,13.09,16.62,19.52,10.82,7.47,20.1,7.77,21.53,1.97,8.29,20.58
  42  33,6.64,12.95,14.58,8.12,6.15,5.62,16.25,15.04,14.03,9.26,10.25,3.79,9.68,8.27,17.58,12.31,9.73,8.89,7.95,14.36,8.46,14.58,16.27,14.22,4.5,9.73,19.29,15.36,4.69,15.29,3.02,11.22,999.0,16.47,9.07,9.42,16.87,9.73,0.78,9.73,1.75,2.34,13.13,12.32,9.33,5.54,4.22,7.93,3.94,11.21,15.51,10.42,6.97,8.79,13.13,5.54,5.32,15.67,3.41,11.42,8.27,20.13,4.56,14.71,7.31,4.24,12.82,12.24,16.25,14.3,12.84,17.76,9.73,20.52,15.77,7.78,4.24,12.46,9.45,15.17,13.01,5.42,9.73,8.66,6.08,11.02,10.54,16.12,12.95,12.49,8.54,13.39,13.42,7.4,5.27,13.13,11.58,14.03,3.03,11.63,10.29,19.04,9.9,20.35,18.99,5.79,12.74,18.99,16.8,18.86,3.9,14.81,14.22,8.27,3.41,10.64,22.37,11.6,5.68,1.68,8.81,13.17,10.19,14.41,8.36,5.11,5.68,18.04,11.54,13.13,3.41,14.3,17.97,4.24,13.47,7.42,11.1,16.67,15.76,19.08,9.56,9.09,14.73,16.71,4.96,12.66,19.08,10.34,13.57,14.64,11.63,13.27,13.3,8.45,10.35,10.47,8.81,7.4,9.73,16.39,17.77,5.62,14.29,37.54,12.12,3.43,9.73,9.5,9.37,14.61,2.61,11.31,18.02,6.8,9.74,7.46,10.58,3.87,4.82,13.46,6.47,10.44,14.74,14.74,4.42,16.19,2.9,3.01,10.75,11.69,16.52,20.14,2.27,3.79,19.05,5.27,15.81,9.54,4.28,18.86
  43  34,10.13,19.66,5.37,11.7,10.72,12.67,3.05,4.36,4.23,13.07,10.23,13.11,13.62,14.89,2.79,13.92,9.27,16.63,9.4,15.79,14.7,19.61,1.6,2.31,12.52,9.27,3.28,8.22,13.53,4.09,15.69,16.76,16.47,999.0,13.2,12.61,0.72,9.27,15.74,9.27,15.64,16.86,3.48,14.5,16.78,14.43,13.21,8.91,15.23,17.31,6.83,6.22,12.9,11.03,3.48,14.43,11.16,7.87,13.08,12.96,14.89,3.72,13.4,4.55,14.34,12.57,10.69,4.54,3.05,15.51,16.45,1.57,9.27,5.1,1.44,8.99,12.57,7.58,15.51,10.13,16.54,13.55,9.27,8.95,14.67,5.62,12.5,3.02,12.12,13.75,16.63,5.34,10.47,9.13,13.14,3.48,15.24,4.23,13.83,14.66,15.46,2.99,6.95,4.31,2.72,13.23,5.53,2.72,18.11,4.01,14.79,5.42,2.31,14.89,13.08,14.4,15.23,5.07,14.46,16.52,10.58,22.77,7.09,17.79,8.62,13.86,10.8,3.15,16.07,3.48,13.64,15.75,2.05,12.57,14.83,10.32,16.6,20.12,8.65,2.97,15.9,12.57,15.38,5.84,11.68,20.48,2.97,15.66,18.77,5.08,16.28,3.5,14.23,12.86,6.4,11.32,10.02,9.13,9.27,19.66,1.67,12.67,17.29,31.35,6.7,15.05,9.27,16.78,7.78,2.41,14.74,11.34,2.07,11.45,11.39,9.21,12.26,13.72,11.87,6.0,12.07,7.62,6.34,15.92,14.65,8.63,13.8,16.18,13.83,4.81,0.28,3.68,14.2,16.18,3.35,12.43,32.26,15.31,13.11,4.01
  44  35,5.81,20.47,8.75,1.98,5.54,3.84,11.35,14.38,9.19,14.59,3.04,9.03,0.74,1.87,15.5,3.27,3.97,3.48,10.17,19.89,1.61,21.66,13.91,11.09,5.54,3.97,16.48,7.91,10.76,10.01,6.24,3.89,9.07,13.2,999.0,0.66,13.21,3.97,8.87,3.97,9.85,11.14,11.13,3.39,3.58,3.61,5.25,9.28,5.28,4.34,8.72,7.83,12.47,2.31,11.13,3.61,7.46,8.36,7.33,2.36,1.87,16.7,4.7,9.34,2.04,8.82,4.44,8.9,11.35,19.72,4.58,14.77,3.97,15.26,13.32,6.1,8.82,6.03,2.32,6.92,4.74,11.51,3.97,4.91,3.22,10.02,15.32,14.58,4.06,3.43,3.54,8.1,16.52,8.14,3.99,11.13,3.07,9.19,6.5,2.83,2.48,16.19,7.0,15.67,14.85,3.37,12.76,14.85,22.64,16.91,5.2,8.9,11.09,1.87,7.33,1.93,25.01,10.38,3.5,10.44,12.47,21.65,6.44,20.8,5.84,3.97,7.25,15.97,17.94,11.13,6.08,19.83,15.21,8.82,4.51,10.57,3.72,23.37,8.1,14.73,2.71,0.63,19.97,10.33,6.23,20.55,14.73,2.67,20.59,8.97,3.73,11.53,4.26,0.75,7.51,2.23,11.99,8.14,3.97,22.98,13.75,3.84,20.5,41.36,6.59,5.68,3.97,3.58,6.08,10.79,6.5,2.81,15.24,3.49,1.86,6.29,15.21,10.04,8.51,13.89,3.28,5.65,8.32,20.23,4.69,8.54,6.81,6.51,16.22,9.26,13.09,16.22,8.01,5.9,16.51,4.47,22.09,2.13,5.25,16.91
