GAMS 47.5.0  d6b95593 Aug 29, 2024          WEX-WEI x86 64bit/MS Windows - 09/08/24 12:51:51 Page 1
G e n e r a l   A l g e b r a i c   M o d e l i n g   S y s t e m
C o m p i l a t i o n


   1  *Cambia el número de i dependiendo de la cantidad de nodos que tengas en el problema
   2  Set
   3  i /1*200/;
   4  alias (i,j);
   5  *Cambia el nombre del csv que estes usando
   6  Table c(i,j)
INCLUDE    C:\Users\rcorr\Desktop\Development\MA2015.101\reto\dist_matrix0.csv
   9  ,1,2,3,4,5,6,7,8,9,10,11,12,13,14,15,16,17,18,19,20,21,22,23,24,25,26,27,28,29,30,31,32,33,34,35,36,37,38,39,40,41,42,43,44,45,46,47,48,49,50,51,52,53,54,55,56,57,58,59,60,61,62,63,64,65,66,67,68,69,70,71,72,73,74,75,76,77,78,79,80,81,82,83,84,85,86,87,88,89,90,91,92,93,94,95,96,97,98,99,100,101,102,103,104,105,106,107,108,109,110,111,112,113,114,115,116,117,118,119,120,121,122,123,124,125,126,127,128,129,130,131,132,133,134,135,136,137,138,139,140,141,142,143,144,145,146,147,148,149,150,151,152,153,154,155,156,157,158,159,160,161,162,163,164,165,166,167,168,169,170,171,172,173,174,175,176,177,178,179,180,181,182,183,184,185,186,187,188,189,190,191,192,193,194,195,196,197,198,199,200
  10  1,999.0,4.86,13.25,1.59,9.27,5.66,13.34,3.92,5.94,4.23,9.22,11.1,7.38,9.14,5.33,15.66,11.96,2.07,14.76,4.81,16.25,11.8,6.12,12.89,1.07,14.65,2.04,7.38,6.22,5.54,14.39,3.47,5.25,12.35,10.24,7.96,9.83,10.56,1.35,7.56,1.37,13.73,12.18,11.06,10.82,8.82,8.5,13.47,8.9,7.23,9.9,14.65,5.65,13.4,4.71,8.82,4.86,12.66,10.56,7.06,10.56,4.27,6.68,10.55,13.45,13.13,10.25,14.67,15.83,8.48,6.5,1.04,6.75,4.11,9.29,5.17,3.89,9.9,4.15,14.55,3.14,8.82,3.66,5.66,3.23,12.0,3.8,10.76,6.61,4.1,16.19,5.92,4.81,10.8,7.94,13.69,14.79,2.42,3.88,6.22,15.81,8.72,6.09,10.87,5.91,6.22,13.37,4.25,8.44,6.22,12.2,2.56,12.15,2.36,6.22,7.76,4.65,9.41,4.72,5.48,10.53,10.52,12.75,3.87,11.93,6.34,12.82,12.01,8.99,7.56,10.59,10.4,13.46,4.28,13.44,4.29,9.57,5.25,9.26,2.8,6.94,4.33,5.31,11.68,6.08,5.95,6.56,4.16,10.69,10.46,7.24,8.71,6.48,7.91,12.54,8.23,9.15,11.89,11.72,8.82,14.76,5.46,14.79,6.22,14.67,1.85,3.87,15.52,8.82,7.38,2.92,10.81,4.41,14.75,12.69,5.09,13.31,7.43,3.78,2.72,11.99,8.74,7.28,11.47,11.72,10.48,3.14,12.0,7.76,8.58,9.77,8.16,16.04,12.58,3.95,8.0,7.38,9.75,10.67,8.62
  11  2,4.86,999.0,17.64,6.29,4.46,10.41,16.3,1.63,10.75,8.77,14.05,12.01,2.81,4.32,0.47,20.48,11.28,4.88,16.49,5.48,17.42,12.6,8.32,17.73,4.2,17.7,3.39,2.81,5.65,3.29,16.31,1.88,10.03,11.87,6.07,4.16,7.77,11.36,5.52,12.39,6.23,16.33,11.17,7.9,10.8,11.67,13.36,12.29,4.24,3.61,12.14,18.44,7.52,18.17,2.91,8.7,0.01,13.94,5.94,4.7,7.57,2.63,2.29,11.11,15.94,17.99,14.55,16.52,20.54,3.63,7.02,5.52,10.01,8.77,10.0,7.71,2.98,12.14,1.2,19.31,7.04,11.67,8.45,10.5,5.69,13.24,8.57,11.16,2.1,8.86,18.87,4.1,5.48,6.15,9.89,12.64,17.54,2.44,8.12,5.65,18.12,12.53,2.7,9.9,1.94,5.65,17.58,5.91,13.3,5.65,14.38,4.83,14.43,2.5,5.65,5.38,7.01,4.92,9.55,0.64,15.24,10.96,11.83,2.1,15.11,3.52,17.67,12.37,11.98,12.39,6.78,5.8,18.23,8.87,15.33,9.06,12.71,6.66,5.98,2.39,10.7,5.54,10.1,7.93,8.08,10.72,11.42,1.11,6.23,6.58,11.99,8.39,3.09,7.42,14.61,4.79,13.76,7.57,7.4,11.67,16.49,4.05,19.59,5.65,16.52,3.73,8.29,19.25,11.67,2.81,7.22,15.66,5.51,17.34,12.87,2.36,18.16,2.96,6.53,3.57,14.76,3.91,4.06,14.19,10.88,6.98,7.04,13.24,5.88,6.16,7.32,8.49,17.6,12.46,2.36,9.82,2.81,6.17,14.99,4.05
  12  3,13.25,17.64,999.0,11.66,22.05,10.22,18.8,16.17,9.57,11.72,5.82,21.22,20.4,21.89,18.06,5.81,23.65,12.77,22.59,17.23,24.76,21.88,16.52,5.33,14.28,19.39,14.25,20.4,18.88,18.77,21.95,16.66,8.27,23.79,23.45,21.2,22.68,20.97,13.49,6.85,12.03,19.95,24.11,24.23,22.07,16.63,7.17,25.4,21.87,20.47,18.35,3.83,16.7,3.79,15.83,20.6,17.64,21.83,23.57,20.21,23.69,15.69,19.77,21.23,20.06,6.06,12.57,22.27,4.19,21.14,18.41,13.18,15.02,11.32,20.15,10.67,17.11,18.35,17.25,4.22,13.49,16.63,10.91,8.27,15.23,21.4,10.95,21.6,19.64,10.86,21.45,19.05,17.23,23.78,17.74,25.49,20.28,15.35,12.69,18.88,22.13,14.13,19.33,22.95,19.07,18.88,1.24,16.26,7.4,18.88,19.88,15.18,19.66,15.33,18.88,20.87,11.28,22.5,9.03,18.27,9.79,21.35,24.55,15.82,17.35,19.58,5.57,22.6,16.4,6.85,23.84,23.43,3.84,8.97,21.32,9.14,16.32,16.95,22.48,16.01,13.87,12.95,8.25,24.92,16.74,9.87,8.37,16.63,23.8,23.71,9.69,20.67,19.72,20.16,20.35,21.48,10.6,25.07,24.9,16.63,22.59,18.56,4.85,18.88,22.27,13.91,9.42,4.54,16.63,20.4,10.46,5.72,13.04,20.68,23.35,16.59,5.54,20.5,11.38,14.16,18.44,21.46,20.53,18.29,23.58,23.71,13.49,21.4,20.72,21.65,22.77,19.72,23.9,23.61,17.2,17.97,20.4,23.0,12.54,21.66
  13  4,1.59,6.29,11.66,999.0,10.74,4.73,13.45,5.12,4.86,3.71,7.77,12.01,8.9,10.6,6.75,14.19,13.22,2.18,15.32,6.13,16.96,12.72,6.88,11.46,2.64,14.7,3.07,8.9,7.64,7.13,14.9,5.04,3.74,13.56,11.83,9.55,11.33,11.52,2.22,6.12,0.72,13.98,13.49,12.64,11.96,9.14,7.16,14.79,10.42,8.82,10.41,13.11,6.57,11.89,5.56,10.05,6.29,13.42,12.09,8.63,12.12,5.19,8.22,11.56,13.76,11.74,9.65,15.19,14.29,9.91,7.71,1.82,6.99,3.44,10.31,4.3,5.47,10.41,5.69,13.03,3.47,9.14,2.76,4.23,4.31,12.79,2.94,11.82,8.13,3.24,16.37,7.48,6.13,12.32,8.65,14.99,14.95,3.86,3.76,7.64,16.15,8.52,7.68,12.2,7.47,7.64,11.79,5.4,7.13,7.64,12.66,3.87,12.57,3.81,7.64,9.32,3.95,10.96,3.3,6.92,9.53,11.57,14.04,4.96,11.96,7.93,11.4,13.04,9.23,6.12,12.18,11.94,11.95,2.69,13.98,2.77,9.72,6.35,10.84,4.37,6.86,4.24,3.81,13.27,6.91,4.94,5.28,5.46,12.25,12.05,6.25,9.98,8.07,9.24,13.04,9.83,8.3,13.46,13.29,9.14,15.32,7.01,13.3,7.64,15.19,2.77,2.3,13.99,9.14,8.9,1.45,9.4,4.34,14.99,13.74,6.1,11.89,8.97,3.07,3.46,12.21,10.19,8.87,11.74,13.01,12.07,3.47,12.79,9.28,10.13,11.3,9.32,16.64,13.71,5.54,8.77,8.9,11.35,10.04,10.16
  14  5,9.27,4.46,22.05,10.74,999.0,14.65,19.06,5.88,15.05,12.92,18.48,13.53,2.08,0.18,4.01,24.92,11.52,9.28,18.27,8.29,18.7,13.96,11.28,22.16,8.48,20.47,7.83,2.08,7.53,5.28,18.25,5.91,14.48,12.22,3.05,3.25,7.38,12.87,9.74,16.82,10.64,18.82,11.12,6.05,11.73,14.63,17.74,11.9,0.94,3.58,14.66,22.65,10.44,22.62,6.51,9.94,4.46,15.55,1.83,5.42,6.06,6.5,2.82,12.48,18.35,22.39,18.37,18.4,25.0,0.97,9.21,9.82,13.37,12.99,11.65,11.82,6.31,14.66,5.16,23.77,11.01,14.63,12.76,14.92,9.33,14.89,12.86,12.37,2.78,13.14,21.31,5.82,8.29,1.92,12.46,12.33,20.09,6.88,12.14,7.53,20.28,16.08,4.08,10.1,3.68,7.53,21.94,9.11,17.68,7.53,16.67,8.65,16.78,6.93,7.53,5.64,11.12,1.65,13.98,3.82,19.4,12.25,11.76,6.25,18.1,4.68,22.09,13.39,15.01,16.82,4.24,1.76,22.68,13.33,17.32,13.51,15.79,9.51,4.67,6.57,14.31,9.5,14.54,5.17,10.97,14.99,15.79,5.42,2.47,3.97,16.21,9.54,3.99,8.71,16.79,3.96,17.83,3.85,3.7,14.63,18.27,6.16,24.04,7.53,18.4,8.17,12.75,23.42,14.63,2.08,11.68,20.08,9.45,19.77,13.67,5.72,22.58,2.18,10.78,7.89,17.47,0.61,4.19,16.88,11.03,4.91,11.01,14.89,6.44,5.95,6.62,10.16,19.18,13.05,5.83,12.3,2.08,4.27,18.83,1.3
  15  6,5.66,10.41,10.22,4.73,14.65,999.0,10.01,9.58,0.65,1.83,4.7,11.03,12.64,14.54,10.87,10.82,13.49,6.9,12.98,7.68,14.99,11.7,6.36,8.0,6.22,11.05,7.63,12.64,9.32,10.03,12.41,8.75,3.03,13.59,15.04,12.71,13.04,10.75,4.92,3.37,4.4,10.87,14.0,14.98,11.87,6.68,3.52,15.27,14.14,11.99,8.34,12.92,6.65,8.97,10.24,10.52,10.41,11.8,15.71,11.13,14.4,9.84,11.9,11.01,10.81,8.05,5.08,12.73,11.54,13.96,8.48,4.89,4.84,1.67,9.94,8.08,8.52,8.34,9.5,10.04,3.89,6.68,2.02,2.42,5.8,11.31,1.87,11.38,11.89,1.56,12.96,10.02,7.68,15.97,7.53,15.33,11.58,8.03,2.81,9.32,13.14,4.79,10.96,12.9,11.05,9.32,10.83,6.62,3.36,9.32,10.19,6.17,10.02,7.96,9.32,11.66,8.04,14.5,2.42,10.99,4.87,11.14,14.4,9.51,8.45,10.86,7.86,12.39,6.55,3.37,15.07,15.54,9.02,4.01,11.64,3.12,6.69,7.08,13.5,8.1,3.85,8.81,2.96,16.02,6.61,0.39,1.84,9.82,15.69,15.01,1.58,10.65,11.26,10.26,10.64,12.74,3.57,16.71,16.55,6.68,12.98,9.5,10.12,9.32,12.73,7.37,4.6,13.83,6.68,12.64,5.02,5.92,8.92,11.79,13.14,10.72,8.36,12.63,7.31,8.14,9.14,14.18,11.81,8.82,13.46,14.73,3.89,11.31,11.3,12.33,13.3,9.62,14.33,13.39,8.89,7.76,12.64,14.15,5.43,13.82
  16  7,13.34,16.3,18.8,13.45,19.06,10.01,999.0,16.43,10.47,9.9,13.07,6.87,17.09,19.04,16.65,16.5,10.65,15.32,4.47,10.93,6.73,7.02,7.98,14.39,13.06,1.41,15.2,17.09,11.53,13.85,3.78,14.46,13.04,10.21,17.74,15.98,13.34,7.3,12.0,12.62,12.79,1.34,11.44,15.87,9.11,4.64,11.79,12.16,18.21,15.5,4.43,22.17,8.8,16.03,17.72,9.77,16.3,5.62,19.18,13.74,15.33,17.23,16.44,7.84,1.74,13.92,6.24,4.06,18.24,18.81,9.85,12.31,6.59,10.3,7.97,17.6,13.35,4.43,15.1,16.68,10.2,4.64,11.12,12.4,10.76,5.82,10.93,8.19,16.6,10.72,2.96,13.24,10.93,19.47,6.6,11.92,1.57,14.78,9.68,11.53,3.34,5.22,15.06,11.23,15.68,11.53,19.74,10.39,11.56,11.53,3.04,11.69,2.79,14.68,11.53,13.76,17.36,18.05,12.4,16.62,9.14,8.13,11.35,16.63,1.56,14.38,14.14,8.12,4.39,12.62,17.07,19.03,16.03,13.9,3.74,13.02,3.76,9.7,15.49,14.13,6.61,17.58,12.97,17.47,8.24,10.16,11.39,16.36,18.75,17.17,9.6,10.18,15.08,10.71,3.29,15.49,8.21,19.11,19.01,4.64,4.47,12.93,16.39,11.53,4.06,15.11,14.35,23.04,4.64,17.09,14.4,13.15,17.67,1.88,8.59,17.82,14.5,16.92,16.51,15.98,1.59,18.86,14.95,2.18,11.0,16.35,10.2,5.82,12.98,13.87,14.06,9.2,5.53,9.35,13.97,6.76,17.09,16.24,6.33,17.82
  17  8,3.92,1.63,16.17,5.12,5.88,9.58,16.43,999.0,9.84,8.1,12.87,12.76,4.41,5.72,1.97,19.26,12.44,3.42,17.05,6.02,18.16,13.39,8.57,16.55,3.58,17.81,2.06,4.41,6.59,4.52,16.81,2.28,8.81,12.99,7.7,5.78,9.17,12.13,4.9,11.23,5.22,16.6,12.41,9.49,11.79,11.79,12.29,13.58,5.79,5.2,12.48,16.85,7.84,16.89,1.54,9.66,1.63,14.61,7.48,6.07,9.13,1.13,3.93,11.94,16.24,16.86,14.05,17.04,19.2,4.98,7.73,4.78,9.94,8.02,10.77,6.09,3.63,12.48,2.1,18.03,6.62,11.79,7.57,9.35,5.67,13.91,7.72,12.04,3.73,8.02,19.13,5.28,6.02,7.67,10.27,13.9,17.76,1.69,7.6,6.59,18.5,12.27,4.2,11.1,3.52,6.59,16.06,6.17,12.25,6.59,14.77,4.74,14.79,1.79,6.59,6.78,5.39,6.52,8.42,2.21,14.45,11.82,13.06,0.49,15.15,4.93,16.51,13.28,12.05,11.23,8.42,7.35,16.95,7.55,15.83,7.85,12.74,7.07,7.56,2.36,10.44,3.9,8.89,9.57,8.38,9.86,10.39,0.52,7.82,8.21,11.16,9.39,4.61,8.44,15.04,6.37,13.06,9.18,9.0,11.79,17.05,5.09,18.34,6.59,17.04,2.38,6.93,17.65,11.79,4.41,5.86,14.51,3.88,17.62,13.83,1.4,16.99,4.58,4.94,2.01,14.95,5.3,5.59,14.39,12.07,8.6,6.62,13.91,7.19,7.6,8.79,9.32,18.22,13.5,3.1,10.24,4.41,7.79,14.49,5.63
  18  9,5.94,10.75,9.57,4.86,15.05,0.65,10.47,9.84,999.0,2.39,4.07,11.67,13.05,14.93,11.22,10.26,14.13,7.01,13.55,8.25,15.58,12.34,7.0,7.43,6.58,11.47,7.85,13.05,9.9,10.52,12.97,9.14,2.62,14.24,15.53,13.2,13.64,11.4,5.32,2.72,4.62,11.37,14.64,15.55,12.52,7.28,2.92,15.91,14.56,12.47,8.95,12.3,7.28,8.36,10.42,11.16,10.75,12.42,16.15,11.66,14.97,10.03,12.32,11.66,11.33,7.52,5.26,13.29,10.93,14.33,9.1,5.24,5.48,2.15,10.59,7.91,8.99,8.95,9.89,9.44,4.44,7.28,2.3,1.93,6.35,11.94,2.18,12.03,12.3,1.91,13.4,10.54,8.25,16.41,8.17,15.98,12.04,8.34,3.39,9.9,13.64,5.27,11.42,13.54,11.48,9.9,10.19,7.2,2.79,9.9,10.76,6.66,10.58,8.28,9.9,12.22,7.93,14.95,2.14,11.35,4.67,11.78,15.04,9.75,8.91,11.36,7.3,13.03,7.13,2.72,15.59,15.99,8.41,3.77,12.22,2.9,7.24,7.69,14.03,8.48,4.45,8.81,2.54,16.55,7.25,0.33,1.2,10.11,16.15,15.52,1.42,11.28,11.74,10.88,11.22,13.25,3.56,17.2,17.04,7.28,13.55,10.03,9.54,9.9,13.29,7.58,4.42,13.21,7.28,13.05,4.96,5.35,8.93,12.27,13.79,10.93,7.81,13.05,7.24,8.31,9.66,14.56,12.31,9.36,14.1,15.27,4.44,11.94,11.87,12.9,13.88,10.26,14.9,14.04,9.32,8.4,13.05,14.68,5.57,14.25
  19  10,4.23,8.77,11.72,3.71,12.92,1.83,9.9,8.1,2.39,999.0,6.44,9.78,10.88,12.82,9.23,12.65,11.93,5.82,12.3,5.86,14.17,10.48,4.83,9.82,4.59,11.09,6.26,10.88,7.51,8.21,11.79,7.04,3.78,12.09,13.22,10.9,11.26,9.43,3.26,4.96,3.18,10.57,12.4,13.16,10.38,5.93,5.32,13.69,12.38,10.17,7.46,14.13,4.99,10.75,8.93,8.89,8.77,10.79,13.92,9.29,12.58,8.49,10.14,9.63,10.42,9.88,6.03,12.1,13.31,12.26,6.76,3.31,3.84,0.46,8.49,7.71,6.73,7.46,7.8,11.83,2.06,5.93,1.24,3.5,3.97,10.24,1.07,9.97,10.15,0.96,12.85,8.18,5.86,14.19,6.23,13.78,11.45,6.47,1.01,7.51,12.8,4.84,9.16,11.25,9.29,7.51,12.22,4.81,5.18,7.51,9.53,4.36,9.4,6.39,7.51,9.83,7.51,12.71,2.97,9.33,6.48,9.72,12.83,8.09,8.38,9.04,9.69,11.06,5.92,4.96,13.24,13.76,10.79,4.15,10.94,3.36,6.27,5.32,11.66,6.42,3.31,7.95,3.75,14.18,5.03,2.22,3.49,8.28,13.88,13.18,3.31,8.98,9.45,8.53,9.96,10.91,4.99,14.89,14.73,5.93,12.3,7.67,11.93,7.51,12.1,6.05,4.5,15.05,5.93,10.88,4.5,7.74,8.06,11.55,11.81,9.32,10.19,10.86,6.68,6.88,8.79,12.47,9.98,8.38,11.86,12.89,2.06,10.24,9.48,10.51,11.49,8.0,13.65,11.98,7.12,6.43,10.88,12.32,6.44,12.05
  20  11,9.22,14.05,5.82,7.77,18.48,4.7,13.07,12.87,4.07,6.44,999.0,15.5,16.58,18.35,14.51,6.44,18.16,9.59,16.77,12.27,18.93,16.15,11.05,3.69,10.07,13.77,10.81,16.58,13.93,14.34,16.13,12.65,4.06,18.24,19.29,16.96,17.69,15.3,8.97,1.66,7.85,14.19,18.69,19.53,16.51,10.84,1.34,19.95,18.11,16.22,12.55,9.1,11.35,4.32,13.07,15.22,14.05,16.03,19.75,15.59,18.96,12.77,15.87,15.6,14.27,4.01,6.92,16.46,6.87,17.68,13.18,8.78,9.32,6.13,14.58,9.05,12.73,12.55,13.36,5.43,8.43,10.84,5.98,3.56,10.32,15.62,5.95,15.98,15.82,5.76,15.82,14.44,12.27,20.0,12.09,20.0,14.59,11.61,7.44,13.93,16.4,8.31,15.13,17.6,15.07,13.93,6.68,11.23,1.57,13.93,14.05,10.5,13.83,11.56,13.93,16.18,9.37,18.58,4.5,14.68,4.46,15.74,19.07,12.66,11.6,15.18,3.64,16.92,10.59,1.66,19.46,19.59,4.37,5.42,15.5,5.02,10.5,11.76,17.95,11.98,8.12,10.75,3.98,20.46,11.3,4.32,2.95,13.23,19.83,19.37,3.9,15.35,15.48,14.95,14.53,17.09,4.87,20.96,20.8,10.84,16.77,13.93,5.61,13.93,16.46,10.49,6.13,9.97,10.84,16.58,7.13,1.68,10.86,14.95,17.67,13.71,4.12,16.62,9.0,11.04,12.64,17.95,16.14,12.47,18.14,19.19,8.43,15.62,15.88,16.89,17.9,14.32,18.08,17.98,12.98,12.34,16.58,18.56,6.97,17.82
  21  12,11.1,12.01,21.22,12.01,13.53,11.03,6.87,12.76,11.67,9.78,15.5,999.0,11.83,13.56,12.23,20.68,3.79,13.12,4.75,6.77,5.41,0.71,5.15,18.08,10.33,8.09,12.34,11.83,6.39,8.89,4.8,10.49,13.56,3.43,11.61,10.29,6.82,0.67,9.88,14.37,11.3,6.06,4.58,9.3,2.26,4.89,14.18,5.41,12.61,10.01,3.33,23.89,5.46,19.45,14.28,3.59,12.01,2.01,13.23,8.15,8.81,13.81,11.33,1.09,5.51,17.84,10.35,4.91,21.95,13.54,5.04,10.29,6.2,10.23,2.01,16.22,9.16,3.33,10.89,20.36,8.65,4.89,10.89,13.24,7.87,1.37,10.77,1.36,11.56,10.73,8.24,8.11,6.77,13.5,3.54,5.25,7.3,11.42,8.96,6.39,6.93,7.74,9.96,4.41,10.75,6.39,21.86,6.92,13.96,6.39,3.86,8.65,4.09,11.33,6.39,7.9,15.74,12.23,12.75,12.11,13.03,1.37,4.55,13.13,6.77,9.11,17.87,1.5,5.26,14.37,10.74,13.09,19.47,13.72,3.94,13.04,5.74,5.91,9.31,10.47,7.39,15.29,13.53,10.94,5.1,11.36,12.86,12.5,12.67,10.89,11.61,4.0,9.83,4.85,3.74,9.63,11.48,12.76,12.69,4.89,4.75,8.02,20.27,6.39,4.91,12.41,13.84,24.8,4.89,11.83,13.38,16.29,15.35,6.8,2.22,14.09,18.33,11.6,14.86,13.16,5.49,13.49,9.37,5.05,4.13,9.95,8.65,1.37,7.09,7.74,7.6,3.53,5.67,2.74,9.74,3.35,11.83,10.02,10.7,12.23
  22  13,7.38,2.81,20.4,8.9,2.08,12.64,17.09,4.41,13.05,10.88,16.58,11.83,999.0,2.01,2.45,23.03,10.22,7.66,16.53,6.25,17.11,12.31,9.25,20.24,6.52,18.5,6.16,0.01,5.62,3.24,16.47,3.94,12.63,10.89,3.31,1.94,6.23,11.16,7.74,14.93,8.74,16.91,9.93,5.61,10.19,12.61,15.79,10.88,1.52,1.87,12.72,21.25,8.41,20.78,5.42,8.26,2.81,13.84,3.19,3.7,5.42,5.28,0.74,10.81,16.45,20.45,16.29,16.63,23.19,1.74,7.28,7.85,11.3,10.96,9.89,10.5,4.23,12.72,3.23,21.92,8.95,12.61,10.78,13.03,7.25,13.16,10.87,10.74,0.77,11.14,19.42,3.86,6.25,3.42,10.49,11.27,18.17,5.07,10.09,5.62,18.45,14.0,2.04,8.79,1.6,5.62,20.37,7.04,15.72,5.62,14.79,6.58,14.89,5.1,5.62,4.1,9.8,2.12,12.09,2.21,17.35,10.6,10.6,4.86,16.09,2.76,20.16,11.84,12.99,14.93,4.18,3.04,20.84,11.55,15.51,11.66,13.76,7.48,3.82,4.61,12.23,8.27,12.69,5.31,8.94,12.98,13.84,3.9,3.42,3.94,14.18,7.88,2.03,6.99,14.93,2.74,15.77,4.76,4.59,12.61,16.53,4.15,22.17,5.62,16.63,6.49,11.01,22.05,12.61,0.01,9.95,18.15,8.24,17.87,12.2,4.7,20.66,0.28,9.34,6.38,15.5,1.77,2.53,14.92,9.76,4.55,8.95,13.16,4.85,4.64,5.58,8.36,17.5,11.64,3.77,10.35,0.01,3.76,16.75,1.26
  23  14,9.14,4.32,21.89,10.6,0.18,14.54,19.04,5.72,14.93,12.82,18.35,13.56,2.01,999.0,3.87,24.79,11.59,9.13,18.3,8.25,18.74,14.0,11.24,22.03,8.36,20.45,7.68,2.01,7.52,5.23,18.27,5.8,14.34,12.29,3.19,3.28,7.46,12.9,9.62,16.69,10.51,18.81,11.2,6.18,11.77,14.6,17.62,12.0,1.01,3.58,14.64,22.48,10.4,22.48,6.33,9.97,4.32,15.58,2.01,5.43,6.17,6.33,2.74,12.51,18.35,22.27,18.29,18.42,24.85,0.79,9.2,9.7,13.32,12.88,11.67,11.65,6.23,14.64,5.05,23.63,10.91,14.6,12.64,14.79,9.25,14.91,12.75,12.41,2.69,13.02,21.31,5.8,8.25,2.11,12.44,12.42,20.08,6.75,12.05,7.52,20.29,16.01,4.03,10.17,3.6,7.52,21.78,9.06,17.55,7.52,16.67,8.56,16.78,6.79,7.52,5.68,10.95,1.78,13.85,3.68,19.3,12.28,11.85,6.09,18.07,4.66,21.96,13.44,14.98,16.69,4.38,1.94,22.54,13.18,17.33,13.37,15.75,9.47,4.77,6.45,14.24,9.33,14.41,5.32,10.93,14.88,15.67,5.27,2.65,4.11,16.1,9.57,3.96,8.73,16.79,4.01,17.74,4.03,3.87,14.6,18.3,6.13,23.9,7.52,18.42,8.02,12.6,23.25,14.6,2.01,11.53,19.95,9.27,19.77,13.73,5.55,22.45,2.14,10.62,7.73,17.45,0.43,4.2,16.86,11.1,5.03,10.91,14.91,6.48,6.01,6.71,10.17,19.21,13.11,5.74,12.29,2.01,4.38,18.75,1.35
  24  15,5.33,0.47,18.06,6.75,4.01,10.87,16.65,1.97,11.22,9.23,14.51,12.23,2.45,3.87,999.0,20.94,11.35,5.29,16.74,5.78,17.63,12.8,8.67,18.19,4.66,18.05,3.82,2.45,5.84,3.41,16.58,2.29,10.49,11.96,5.75,3.95,7.74,11.57,5.98,12.86,6.7,16.66,11.21,7.72,10.94,12.03,13.82,12.31,3.83,3.46,12.46,18.82,7.86,18.62,3.07,8.85,0.47,14.17,5.53,4.71,7.41,2.86,2.02,11.3,16.25,18.45,14.99,16.78,20.99,3.17,7.27,5.99,10.4,9.24,10.22,8.05,3.3,12.46,1.57,19.77,7.48,12.03,8.92,10.96,6.1,13.47,9.04,11.33,1.79,9.33,19.2,4.22,5.78,5.73,10.2,12.66,17.87,2.91,8.57,5.84,18.41,12.95,2.66,9.95,1.84,5.84,17.99,6.26,13.77,5.84,14.69,5.25,14.74,2.96,5.84,5.36,7.35,4.55,10.02,0.25,15.7,11.14,11.88,2.41,15.48,3.52,18.13,12.53,12.35,12.86,6.52,5.39,18.68,9.31,15.6,9.52,13.08,6.98,5.81,2.84,11.12,5.83,10.55,7.67,8.42,11.19,11.89,1.46,5.85,6.3,12.45,8.53,3.01,7.57,14.9,4.62,14.21,7.21,7.04,12.03,16.74,4.22,20.05,5.84,16.78,4.16,8.73,19.61,12.03,2.45,7.67,16.13,5.8,17.66,13.01,2.44,18.62,2.63,6.9,3.95,15.11,3.45,3.97,14.53,10.94,6.76,7.48,13.47,5.91,6.11,7.25,8.7,17.84,12.57,2.68,10.12,2.45,5.95,15.44,3.66
  25  16,15.66,20.48,5.81,14.19,24.92,10.82,16.5,19.26,10.26,12.65,6.44,20.68,23.03,24.79,20.94,999.0,23.78,15.91,20.8,18.5,23.08,21.26,16.87,2.83,16.52,16.7,17.2,23.03,20.13,20.73,20.12,19.1,10.46,23.75,25.71,23.38,23.83,20.61,15.39,8.1,14.29,17.81,24.39,25.8,22.06,15.8,7.35,25.59,24.55,22.64,17.45,9.37,17.32,2.56,19.34,21.06,20.48,20.76,26.2,21.92,25.22,19.08,22.32,21.0,18.06,2.86,10.57,20.43,2.22,24.11,19.21,15.22,14.82,12.4,20.14,14.8,19.15,17.45,19.8,1.63,14.7,15.8,12.37,10.0,16.61,20.49,12.31,21.4,22.26,12.1,18.69,20.79,18.5,26.44,17.57,25.58,17.77,18.04,13.63,20.13,19.74,12.96,21.56,23.42,21.52,20.13,7.0,17.44,7.47,20.13,18.38,16.88,18.11,17.99,20.13,22.48,15.26,25.02,10.94,21.11,7.69,21.18,24.69,19.02,15.32,21.57,2.96,22.17,15.45,8.1,25.83,26.04,2.49,11.72,19.71,11.42,15.1,17.85,24.29,18.42,13.48,16.8,10.39,26.81,17.17,10.43,9.28,19.63,26.27,25.75,9.56,21.25,21.9,20.98,18.84,23.47,9.21,27.38,27.22,15.8,20.8,20.28,1.05,20.13,20.43,16.87,12.39,9.87,15.8,23.03,13.43,4.92,16.9,18.3,22.9,20.02,2.46,23.07,15.07,17.37,16.64,24.38,22.53,16.68,23.84,25.52,14.7,20.49,22.12,23.15,24.11,20.15,21.99,23.34,19.41,17.84,23.03,24.92,10.34,24.27
  26  17,11.96,11.28,23.65,13.22,11.52,13.49,10.65,12.44,14.13,11.93,18.16,3.79,10.22,11.59,11.35,23.78,999.0,13.76,7.85,7.15,7.53,3.67,7.13,21.08,10.98,11.82,12.64,10.22,5.95,7.99,8.13,10.22,15.57,0.71,9.04,8.38,4.16,3.5,10.99,16.83,12.56,9.77,0.79,6.24,1.75,8.26,16.89,1.81,10.59,8.36,6.94,25.94,6.98,22.31,13.97,3.17,11.28,5.3,10.78,6.68,5.88,13.56,9.93,2.99,9.22,20.92,13.78,8.13,24.86,11.78,5.51,11.4,8.97,12.34,3.65,17.08,8.92,6.94,10.36,23.3,10.31,8.26,12.84,15.42,8.91,4.9,12.77,2.58,10.19,12.82,11.76,7.19,7.15,11.01,6.22,1.85,10.96,11.48,10.97,5.95,10.29,11.07,8.75,1.43,9.6,5.95,24.14,7.82,16.69,5.95,7.62,9.41,7.87,11.41,5.95,6.14,16.49,10.0,14.76,11.17,16.27,2.74,0.91,12.88,10.55,7.85,20.88,2.61,8.68,16.83,7.97,10.66,22.34,15.4,7.43,14.88,9.29,6.91,6.89,10.44,10.3,15.67,15.56,7.87,6.91,13.86,15.32,12.05,10.1,8.18,14.38,3.25,8.47,4.11,7.44,7.6,14.64,9.86,9.83,8.26,7.85,7.34,23.27,5.95,8.13,12.8,15.34,26.85,8.26,10.22,14.66,19.16,15.71,10.41,2.46,13.59,21.37,9.96,15.67,13.39,9.28,11.63,7.71,8.83,0.51,7.14,10.31,4.9,5.47,5.61,4.95,3.97,8.34,1.67,9.37,5.95,10.22,7.46,14.16,10.25
  27  18,2.07,4.88,12.77,2.18,9.28,6.9,15.32,3.42,7.01,5.82,9.59,13.12,7.66,9.13,5.29,15.91,13.76,999.0,16.83,6.64,18.3,13.82,8.18,13.26,2.82,16.61,1.52,7.66,7.88,6.67,16.46,4.22,5.54,14.19,10.83,8.7,11.26,12.57,3.41,7.98,2.65,15.75,13.91,12.15,12.72,10.85,9.14,15.19,9.12,8.01,11.96,13.65,7.69,13.51,3.49,10.67,4.88,14.71,10.82,8.28,11.7,3.18,7.07,12.52,15.49,13.6,11.8,16.73,15.8,8.39,8.39,3.04,8.75,5.58,11.27,3.35,5.14,11.96,4.65,14.65,5.13,10.85,4.93,6.16,5.26,14.05,5.11,12.72,6.92,5.41,18.2,7.22,6.64,11.02,10.0,15.44,16.79,2.76,5.7,7.88,17.86,10.55,6.88,12.59,6.45,7.88,12.7,6.22,9.13,7.88,14.26,4.49,14.2,2.78,7.88,9.02,2.74,9.78,5.27,5.51,11.68,12.48,14.52,3.12,13.88,7.36,13.22,13.98,11.0,7.98,11.38,10.67,13.57,4.2,15.51,4.62,11.56,7.23,10.25,3.68,8.82,2.27,5.62,12.52,8.13,7.11,7.33,3.86,11.09,11.21,8.41,10.52,7.3,9.66,14.61,9.13,10.47,12.4,12.23,10.85,16.83,6.83,14.98,7.88,16.73,1.2,3.54,14.48,10.85,7.66,2.48,11.26,2.36,16.77,14.64,4.12,13.7,7.79,1.95,1.46,14.0,8.7,8.22,13.49,13.49,11.41,5.13,14.05,9.16,9.86,11.07,10.07,18.11,14.48,4.96,10.06,7.66,10.64,12.2,8.92
  28  19,14.76,16.49,22.59,15.32,18.27,12.98,4.47,17.05,13.55,12.3,16.77,4.75,16.53,18.3,16.74,20.8,7.85,16.83,999.0,11.05,2.28,4.42,8.67,18.54,14.18,4.98,16.31,16.53,10.99,13.5,0.69,14.84,15.9,7.23,16.33,15.03,11.49,5.4,13.43,16.03,14.61,3.14,8.61,13.89,6.81,6.37,15.43,8.94,17.35,14.73,4.92,25.73,9.28,20.12,18.51,8.34,16.49,2.75,17.97,12.87,13.44,18.03,16.01,5.83,2.77,18.13,10.3,0.42,22.44,18.26,9.47,13.81,8.47,12.75,6.64,19.62,13.54,4.92,15.32,20.85,11.85,6.37,13.53,15.39,11.67,3.39,13.37,6.0,16.22,13.23,4.12,12.75,11.05,18.24,6.86,8.6,3.82,15.56,11.75,10.99,2.51,8.47,14.62,8.88,15.38,10.99,23.43,10.93,15.2,10.99,2.79,12.56,2.97,15.47,10.99,12.65,19.25,16.98,15.16,16.65,13.24,6.08,8.3,17.36,5.48,13.79,18.29,5.29,6.44,16.03,15.43,17.83,20.13,16.45,1.36,15.64,6.33,9.99,14.04,14.7,9.15,19.08,15.85,15.55,8.77,13.22,14.63,16.85,17.4,15.59,13.0,8.75,14.52,9.57,2.34,14.38,12.06,17.43,17.37,6.37,0.01,12.6,20.61,10.99,0.42,16.32,16.75,26.63,6.37,16.53,16.53,17.11,19.16,3.16,5.42,18.42,18.69,16.31,18.36,17.13,4.19,18.21,14.1,4.29,8.31,14.62,11.85,3.39,11.84,12.48,12.28,8.17,1.35,6.25,14.15,6.84,16.53,14.74,10.48,16.97
  29  20,4.81,5.48,17.23,6.13,8.29,7.68,10.93,6.02,8.25,5.86,12.27,6.77,6.25,8.25,5.78,18.5,7.15,6.64,11.05,999.0,12.15,7.42,3.0,15.68,3.84,12.35,5.65,6.25,1.66,3.02,10.85,3.78,8.97,7.56,7.73,5.54,5.46,6.15,3.93,10.72,5.51,10.88,7.38,7.31,6.09,6.39,11.18,8.68,7.52,4.91,6.68,19.12,2.16,16.59,7.52,4.03,5.48,8.59,8.79,3.57,6.72,7.05,5.56,6.02,10.47,15.72,10.32,11.06,19.14,7.93,1.78,4.32,5.12,6.14,4.79,9.93,2.5,6.68,4.29,17.68,3.84,6.39,6.37,9.02,2.0,7.89,6.37,6.17,5.69,6.52,13.42,2.62,0.01,9.08,4.42,8.89,12.11,4.66,4.87,1.66,12.64,7.86,4.22,6.08,4.76,1.66,17.56,1.06,11.04,1.66,8.91,2.27,8.95,4.57,1.66,4.02,9.36,7.57,8.2,5.72,11.85,5.93,7.95,6.37,9.86,3.7,15.54,7.42,6.75,10.72,7.55,8.63,16.64,8.51,9.87,8.14,7.52,1.24,5.91,3.7,6.18,8.66,8.98,8.41,2.71,8.07,9.32,5.8,8.56,7.52,9.03,3.9,4.33,3.12,9.13,5.33,10.18,9.36,9.22,6.39,11.05,2.17,17.79,1.66,11.06,5.77,8.35,20.01,6.39,6.25,7.57,13.6,8.71,11.88,8.05,7.38,16.05,6.11,8.53,6.45,9.37,8.01,4.52,8.78,6.91,7.11,3.84,7.89,3.62,4.65,5.64,3.46,12.21,7.85,3.12,4.34,6.25,6.61,10.78,7.14
  30  21,16.25,17.42,24.76,16.96,18.7,14.99,6.73,18.16,15.58,14.17,18.93,5.41,17.11,18.74,17.63,23.08,7.53,18.3,2.28,12.15,999.0,4.84,10.13,20.79,15.57,7.09,17.64,17.11,11.79,14.28,2.97,15.9,17.85,6.83,16.47,15.46,11.54,6.07,14.95,18.13,16.24,5.39,8.19,13.76,6.97,8.32,17.59,8.18,17.76,15.26,6.71,27.83,10.62,22.36,19.67,8.86,17.42,3.6,18.17,13.41,13.39,19.2,16.66,6.34,5.05,20.39,12.56,2.67,24.7,18.79,10.44,15.35,10.33,14.62,7.43,21.25,14.57,6.71,16.3,23.11,13.5,8.32,15.38,17.38,13.06,4.28,15.23,6.37,16.89,15.12,5.85,13.48,12.15,18.42,8.33,7.78,5.91,16.78,13.53,11.79,4.19,10.63,15.31,8.79,16.12,11.79,25.57,12.2,17.36,11.79,4.88,13.9,5.1,16.69,11.79,13.07,20.83,17.28,17.09,17.51,15.5,6.53,7.73,18.52,7.76,14.44,20.55,5.31,8.46,18.13,15.46,18.05,22.37,18.3,3.44,17.52,8.44,11.21,14.23,15.85,11.14,20.52,17.81,15.4,10.17,15.26,16.7,17.91,17.54,15.65,15.12,9.24,15.15,10.16,4.41,14.74,14.28,17.38,17.35,8.32,2.28,13.42,22.88,11.79,2.67,17.68,18.54,28.74,8.32,17.11,18.24,19.33,20.59,5.25,5.11,19.5,20.95,16.87,19.94,18.46,6.45,18.71,14.6,6.5,8.03,14.63,13.5,4.28,12.28,12.76,12.35,8.93,1.36,5.86,15.15,8.24,17.11,14.86,12.75,17.39
  31  22,11.8,12.6,21.88,12.72,13.96,11.7,7.02,13.39,12.34,10.48,16.15,0.71,12.31,14.0,12.8,21.26,3.67,13.82,4.42,7.42,4.84,999.0,5.87,18.68,11.02,8.16,13.01,12.31,6.96,9.44,4.57,11.12,14.26,3.19,11.92,10.71,7.07,1.27,10.58,15.04,12.01,6.09,4.46,9.49,2.39,5.46,14.82,5.15,13.03,10.47,3.83,24.58,6.16,20.06,14.91,4.05,12.6,1.7,13.58,8.61,9.03,14.45,11.84,1.51,5.54,18.42,10.86,4.63,22.56,14.01,5.67,11.0,6.87,10.93,2.63,16.93,9.78,3.83,11.49,20.97,9.36,5.46,11.59,13.93,8.57,1.22,11.47,1.6,12.07,11.43,8.13,8.65,7.42,13.84,4.24,4.93,7.29,12.08,9.67,6.96,6.73,8.3,10.48,4.51,11.29,6.96,22.53,7.61,14.61,6.96,3.98,9.34,4.24,11.99,6.96,8.32,16.44,12.62,13.45,12.67,13.59,1.72,4.33,13.76,7.07,9.62,18.46,1.11,5.81,15.04,11.01,13.44,20.09,14.43,3.79,13.75,6.24,6.6,9.64,11.11,8.04,15.97,14.23,11.14,5.81,12.03,13.53,13.12,12.99,11.17,12.26,4.44,10.33,5.33,3.77,10.03,12.06,13.01,12.95,5.46,4.42,8.58,20.86,6.96,4.63,13.09,14.55,25.49,5.46,12.31,14.09,16.91,16.03,6.75,1.7,14.71,18.92,12.07,15.56,13.83,5.73,13.94,9.82,5.33,4.07,10.21,9.36,1.22,7.52,8.1,7.86,4.11,5.22,2.37,10.35,4.06,12.31,10.32,11.19,12.66
  32  23,6.12,8.32,16.52,6.88,11.28,6.36,7.98,8.57,7.0,4.83,11.05,5.15,9.25,11.24,8.67,16.87,7.13,8.18,8.67,3.0,10.13,5.87,999.0,14.1,5.51,9.39,7.65,9.25,4.02,6.01,8.34,6.5,8.55,7.27,10.48,8.42,7.18,4.71,4.82,9.7,6.16,8.04,7.64,9.47,5.55,3.39,9.8,8.91,10.49,7.83,3.92,18.94,0.84,15.25,9.96,4.2,8.32,6.56,11.69,6.28,8.88,9.47,8.56,4.85,7.67,14.02,7.71,8.6,17.81,10.94,2.55,5.23,2.35,5.25,3.67,11.14,5.37,3.92,7.12,16.27,3.5,3.39,5.83,8.33,3.01,5.91,5.73,5.17,8.7,5.74,10.58,5.52,3.0,11.97,1.81,8.98,9.23,6.99,3.91,4.02,9.94,5.07,7.21,6.57,7.76,4.02,17.05,2.42,9.61,4.02,6.23,3.92,6.22,6.89,4.02,6.54,10.7,10.48,7.73,8.64,9.67,4.92,8.04,8.83,6.86,6.64,13.93,6.31,3.74,9.7,10.11,11.52,15.29,8.59,7.38,7.96,4.51,1.77,8.44,6.22,3.63,10.42,8.53,10.82,0.35,6.73,8.19,8.45,11.39,10.14,7.34,4.38,7.3,4.2,6.52,8.09,7.97,12.04,11.92,3.39,8.67,5.13,16.28,4.02,8.6,7.65,8.69,19.85,3.39,9.25,8.23,12.12,10.5,9.05,7.05,9.97,14.42,9.1,9.81,8.47,6.44,11.02,7.37,5.86,7.1,9.55,3.5,5.91,5.91,6.95,7.63,3.29,9.93,7.17,5.99,1.89,9.25,9.19,8.16,10.11
  33  24,12.89,17.73,5.33,11.46,22.16,8.0,14.39,16.55,7.43,9.82,3.69,18.08,20.24,22.03,18.19,2.83,21.08,13.26,18.54,15.68,20.79,18.68,14.1,999.0,13.72,14.76,14.5,20.24,17.31,17.91,17.86,16.31,7.74,21.07,22.89,20.56,21.02,17.97,12.58,5.34,11.52,15.65,21.66,22.98,19.37,13.22,4.52,22.88,21.77,19.83,14.9,9.16,14.53,1.72,16.72,18.3,17.73,18.28,23.4,19.09,22.4,16.43,19.53,18.33,15.85,0.74,8.24,18.18,3.92,21.36,16.41,12.42,12.1,9.58,17.44,12.43,16.33,14.9,17.02,2.32,11.87,13.22,9.55,7.24,13.78,17.97,9.49,18.74,19.48,9.27,16.8,17.97,15.68,23.65,14.87,22.89,15.76,15.29,10.81,17.31,17.7,10.42,18.75,20.67,18.72,17.31,6.54,14.62,4.65,17.31,16.0,14.05,15.75,15.24,17.31,19.65,12.83,22.22,8.18,18.36,5.3,18.51,21.99,16.33,13.09,18.75,0.26,19.55,12.89,5.34,23.01,23.24,1.7,9.07,17.38,8.7,12.6,15.04,21.46,15.64,10.79,14.3,7.67,23.98,14.39,7.61,6.46,16.91,23.46,22.93,6.77,18.47,19.08,18.18,16.47,20.65,6.64,24.56,24.4,13.22,18.54,17.45,2.2,17.31,18.18,14.17,9.76,9.85,13.22,20.24,10.78,2.1,14.41,16.24,20.29,17.37,0.44,20.28,12.55,14.71,14.35,21.63,19.71,14.32,21.12,22.7,11.87,17.97,19.3,20.33,21.29,17.38,19.78,20.7,16.61,15.14,20.24,22.1,8.08,21.48
  34  25,1.07,4.2,14.28,2.64,8.48,6.22,13.06,3.58,6.58,4.59,10.07,10.33,6.52,8.36,4.66,16.52,10.98,2.82,14.18,3.84,15.57,11.02,5.51,13.72,999.0,14.42,2.15,6.52,5.18,4.5,13.85,2.59,6.19,11.4,9.27,6.97,8.76,9.76,1.34,8.42,2.27,13.36,11.17,10.0,9.9,8.47,9.27,12.46,8.05,6.23,9.39,15.72,4.94,14.31,4.68,7.87,4.2,11.97,9.68,6.0,9.49,4.2,5.81,9.71,13.04,13.93,10.48,14.11,16.77,7.75,5.57,1.34,6.49,4.57,8.46,6.1,2.84,9.39,3.32,15.45,3.04,8.47,4.28,6.53,2.51,11.3,4.39,9.91,5.76,4.67,15.86,4.85,3.84,9.93,7.32,12.69,14.46,1.91,4.02,5.18,15.38,8.71,5.11,9.86,5.0,5.18,14.42,3.41,9.2,5.18,11.7,1.68,11.68,1.82,5.18,6.69,5.53,8.51,5.59,4.78,11.05,9.66,11.76,3.67,11.71,5.3,13.64,11.16,8.68,8.42,9.57,9.52,14.37,5.3,12.89,5.24,9.32,4.42,8.21,1.92,6.88,4.96,6.24,10.65,5.42,6.54,7.32,3.7,9.76,9.45,7.79,7.73,5.48,6.91,12.02,7.21,9.58,10.93,10.76,8.47,14.18,4.39,15.67,5.18,14.11,2.13,4.93,16.59,8.47,6.52,4.0,11.63,5.03,14.38,11.82,4.91,14.14,6.55,4.69,2.97,11.65,7.99,6.25,11.11,10.73,9.43,3.04,11.3,6.69,7.51,8.69,7.25,15.44,11.67,2.95,7.36,6.52,8.72,10.92,7.75
  35  26,14.65,17.7,19.39,14.7,20.47,11.05,1.41,17.81,11.47,11.09,13.77,8.09,18.5,20.45,18.05,16.7,11.82,16.61,4.98,12.35,7.09,8.16,9.39,14.76,14.42,999.0,16.54,18.5,12.94,15.26,4.34,15.86,14.07,11.34,19.12,17.38,14.67,8.56,13.32,13.46,14.05,2.08,12.61,17.2,10.34,6.04,12.53,13.25,19.62,16.91,5.83,22.86,10.2,16.43,19.08,11.12,17.7,6.65,20.58,15.14,16.67,18.59,17.85,9.09,2.62,14.24,6.85,4.56,18.54,20.22,11.26,13.62,7.93,11.48,9.3,18.8,14.76,5.83,16.5,17.01,11.52,6.04,12.29,13.4,12.14,6.93,12.1,9.43,18.01,11.87,2.06,14.65,12.35,20.86,8.01,12.99,1.19,16.15,10.94,12.94,3.13,6.31,16.47,12.48,17.09,12.94,20.38,11.79,12.3,12.94,4.23,13.07,4.01,16.05,12.94,15.15,18.59,19.45,13.46,18.02,9.62,9.38,12.48,18.01,2.74,15.79,14.5,9.25,5.76,13.46,18.44,20.42,16.43,15.0,4.59,14.11,5.1,11.11,16.86,15.52,7.83,18.86,14.0,18.81,9.65,11.16,12.31,17.75,20.14,18.54,10.49,11.53,16.49,12.09,4.38,16.88,8.9,20.47,20.38,6.04,4.98,14.35,16.67,12.94,4.56,16.45,15.49,23.72,6.04,18.5,15.6,13.69,18.96,1.85,9.66,19.2,14.82,18.33,17.74,17.32,3.0,20.27,16.35,3.59,12.2,17.7,11.52,6.93,14.37,15.24,15.4,10.57,5.78,10.44,15.37,8.17,18.5,17.61,6.85,19.22
  36  27,2.04,3.39,14.25,3.07,7.83,7.63,15.2,2.06,7.85,6.26,10.81,12.34,6.16,7.68,3.82,17.2,12.64,1.52,16.31,5.65,17.64,13.01,7.65,14.5,2.15,16.54,999.0,6.16,6.7,5.24,15.99,2.75,6.75,13.11,9.31,7.18,9.9,11.75,3.26,9.17,3.23,15.51,12.73,10.67,11.72,10.61,10.23,13.98,7.62,6.5,11.54,15.17,7.04,14.85,2.67,9.62,3.39,14.04,9.32,6.87,10.23,2.23,5.55,11.65,15.2,14.8,12.28,16.25,17.18,6.96,7.43,3.03,8.61,6.13,10.41,4.72,3.81,11.54,3.14,15.99,5.07,10.61,5.61,7.29,4.64,13.36,5.77,11.81,5.41,6.08,18.0,5.85,5.65,9.53,9.44,14.25,16.61,1.28,5.9,6.7,17.53,10.72,5.38,11.41,4.93,6.7,14.21,5.44,10.21,6.7,13.85,3.75,13.83,1.32,6.7,7.6,4.05,8.27,6.37,4.03,12.49,11.58,13.35,1.9,13.83,5.89,14.45,13.07,10.82,9.17,9.87,9.18,14.91,5.52,15.03,5.79,11.45,6.44,8.76,2.29,8.91,3.03,6.83,11.01,7.53,7.89,8.35,2.44,9.58,9.7,9.19,9.43,5.8,8.53,14.17,7.63,11.16,10.88,10.71,10.61,16.31,5.5,16.29,6.7,16.25,0.34,4.92,16.0,10.61,6.16,3.85,12.46,3.08,16.53,13.7,3.09,14.93,6.28,3.37,0.83,13.79,7.26,6.74,13.26,12.33,9.91,5.07,13.36,7.81,8.45,9.67,9.11,17.55,13.48,3.54,9.47,6.16,9.13,12.7,7.41
  37  28,7.38,2.81,20.4,8.9,2.08,12.64,17.09,4.41,13.05,10.88,16.58,11.83,0.01,2.01,2.45,23.03,10.22,7.66,16.53,6.25,17.11,12.31,9.25,20.24,6.52,18.5,6.16,999.0,5.62,3.24,16.47,3.94,12.63,10.89,3.31,1.94,6.23,11.16,7.74,14.93,8.74,16.91,9.93,5.61,10.19,12.61,15.79,10.88,1.52,1.87,12.72,21.25,8.41,20.78,5.42,8.26,2.81,13.84,3.19,3.7,5.42,5.28,0.74,10.81,16.45,20.45,16.29,16.63,23.19,1.74,7.28,7.85,11.3,10.96,9.89,10.5,4.23,12.72,3.23,21.92,8.95,12.61,10.78,13.03,7.25,13.16,10.87,10.74,0.77,11.14,19.42,3.86,6.25,3.42,10.49,11.27,18.17,5.07,10.09,5.62,18.45,14.0,2.04,8.79,1.6,5.62,20.37,7.04,15.72,5.62,14.79,6.58,14.89,5.1,5.62,4.1,9.8,2.12,12.09,2.21,17.35,10.6,10.6,4.86,16.09,2.76,20.16,11.84,12.99,14.93,4.18,3.04,20.84,11.55,15.51,11.66,13.76,7.48,3.82,4.61,12.23,8.27,12.69,5.31,8.94,12.98,13.84,3.9,3.42,3.94,14.18,7.88,2.03,6.99,14.93,2.74,15.77,4.76,4.59,12.61,16.53,4.15,22.17,5.62,16.63,6.49,11.01,22.05,12.61,0.01,9.95,18.15,8.24,17.87,12.2,4.7,20.66,0.28,9.34,6.38,15.5,1.77,2.53,14.92,9.76,4.55,8.95,13.16,4.85,4.64,5.58,8.36,17.5,11.64,3.77,10.35,0.01,3.76,16.75,1.26
  38  29,6.22,5.65,18.88,7.64,7.53,9.32,11.53,6.59,9.9,7.51,13.93,6.39,5.62,7.52,5.84,20.13,5.95,7.88,10.99,1.66,11.79,6.96,4.02,17.31,5.18,12.94,6.7,5.62,999.0,2.51,10.89,4.33,10.61,6.45,6.47,4.47,3.8,5.73,5.5,12.38,7.07,11.29,6.04,5.7,5.2,7.21,12.82,7.31,6.68,3.97,7.12,20.71,3.24,18.25,8.13,3.07,5.65,8.36,7.73,2.27,5.11,7.7,5.04,5.46,10.83,17.34,11.66,11.07,20.8,7.36,1.68,5.87,6.33,7.8,4.39,11.22,2.99,7.12,4.59,19.34,5.5,7.21,8.03,10.68,3.65,7.67,8.03,5.5,5.24,8.18,13.8,1.77,1.66,8.01,4.94,7.57,12.56,5.54,6.51,0.01,12.83,9.08,3.64,4.72,4.39,0.01,19.19,2.7,12.68,0.01,9.17,3.79,9.27,5.47,0.01,2.53,10.61,6.55,9.86,5.71,13.37,5.31,6.66,7.01,10.63,2.87,17.17,6.72,7.62,12.38,6.11,7.56,18.29,10.11,9.92,9.77,8.4,2.42,4.45,4.49,7.52,9.73,10.63,6.89,3.68,9.71,10.98,6.25,7.39,6.13,10.63,2.8,3.59,1.86,9.32,4.08,11.68,8.02,7.9,7.21,10.99,1.62,19.44,0.01,11.07,6.87,9.9,21.6,7.21,5.62,9.08,15.24,9.76,12.25,7.25,7.84,17.68,5.43,9.81,7.44,9.94,7.37,3.43,9.35,5.63,5.6,5.5,7.67,2.0,3.06,3.98,2.86,12.04,6.91,3.49,4.77,5.62,5.19,12.12,6.28
  39  30,5.54,3.29,18.77,7.13,5.28,10.03,13.85,4.52,10.52,8.21,14.34,8.89,3.24,5.23,3.41,20.73,7.99,6.67,13.5,3.02,14.28,9.44,6.01,17.91,4.5,15.26,5.24,3.24,2.51,999.0,13.39,2.5,10.62,8.58,5.01,2.69,4.7,8.23,5.39,12.71,6.74,13.7,7.91,5.53,7.54,9.37,13.39,9.07,4.51,1.98,9.5,20.15,5.17,18.64,6.02,5.46,3.29,10.87,5.85,1.63,5.05,5.65,2.59,7.94,13.26,18.04,13.24,13.57,21.14,4.96,4.09,5.63,8.12,8.38,6.9,9.96,1.66,9.5,2.42,19.76,6.17,9.37,8.36,10.86,4.31,10.17,8.42,7.95,2.76,8.64,16.22,0.82,3.02,6.13,7.26,9.4,14.95,3.96,7.31,2.51,15.31,10.85,1.21,6.62,1.88,2.51,18.92,3.89,13.28,2.51,11.62,3.86,11.7,3.92,2.51,2.37,9.29,4.62,9.96,3.25,14.53,7.76,8.57,4.98,12.84,0.84,17.8,9.13,9.74,12.71,5.13,5.68,18.69,9.8,12.42,9.68,10.52,4.24,3.71,2.99,9.12,8.12,10.66,6.17,5.7,10.4,11.46,4.09,5.71,5.03,11.51,5.13,1.33,4.17,11.79,2.75,12.9,6.68,6.52,9.37,13.5,0.92,19.94,2.51,13.57,5.51,9.42,21.01,9.37,3.24,8.45,15.81,8.13,14.68,9.6,5.6,18.31,3.1,8.6,5.84,12.27,5.02,1.8,11.68,7.6,4.94,6.17,10.17,2.67,3.21,4.43,5.36,14.54,9.17,1.7,7.13,3.24,4.25,13.7,4.13
  40  31,14.39,16.31,21.95,14.9,18.25,12.41,3.78,16.81,12.97,11.79,16.13,4.8,16.47,18.27,16.58,20.12,8.13,16.46,0.69,10.85,2.97,4.57,8.34,17.86,13.85,4.34,15.99,16.47,10.89,13.39,999.0,14.62,15.36,7.54,16.41,15.03,11.61,5.43,13.05,15.43,14.19,2.46,8.9,14.05,6.96,5.86,14.81,9.31,17.34,14.69,4.5,25.12,8.99,19.45,18.25,8.35,16.31,2.87,18.02,12.84,13.59,17.77,15.92,5.9,2.08,17.45,9.62,0.33,21.76,18.2,9.32,13.43,7.99,12.24,6.6,19.2,13.35,4.5,15.13,20.18,11.44,5.86,13.03,14.83,11.35,3.44,12.87,6.11,16.13,12.72,3.67,12.65,10.85,18.29,6.56,8.99,3.22,15.29,11.28,10.89,2.17,7.85,14.52,9.07,15.27,10.89,22.8,10.65,14.57,10.89,2.27,12.26,2.4,15.19,10.89,12.65,18.84,17.0,14.62,16.49,12.57,6.17,8.63,17.11,4.8,13.72,17.62,5.53,5.9,15.43,15.54,17.88,19.46,15.95,0.98,15.13,5.74,9.74,14.11,14.45,8.61,18.72,15.31,15.71,8.47,12.64,14.04,16.62,17.47,15.69,12.39,8.76,14.44,9.55,1.86,14.4,11.4,17.56,17.49,5.86,0.69,12.48,19.93,10.89,0.33,15.99,16.26,26.02,5.86,16.47,16.08,16.45,18.8,2.56,5.74,18.19,18.01,16.25,17.95,16.82,3.53,18.17,14.07,3.66,8.57,14.75,11.44,3.44,11.84,12.53,12.4,8.11,1.95,6.57,13.96,6.57,16.47,14.82,9.8,16.96
  41  32,3.47,1.88,16.66,5.04,5.91,8.75,14.46,2.28,9.14,7.04,12.65,10.49,3.94,5.8,2.29,19.1,10.22,4.22,14.84,3.78,15.9,11.12,6.5,16.31,2.59,15.86,2.75,3.94,4.33,2.5,14.62,999.0,8.72,10.76,6.79,4.55,7.2,9.86,3.83,11.0,4.81,14.54,10.23,7.93,9.52,9.82,11.86,11.44,5.46,3.84,10.37,17.82,5.73,16.87,3.82,7.38,1.88,12.36,7.1,4.13,7.48,3.37,3.22,9.66,14.15,16.52,12.71,14.84,19.3,5.22,5.46,3.91,8.13,7.08,8.49,7.47,1.35,10.37,0.76,18.01,5.22,9.82,6.85,9.1,3.82,11.66,6.95,9.76,3.17,7.23,17.08,3.17,3.78,7.35,8.13,11.74,15.73,1.47,6.32,4.33,16.37,10.66,2.7,8.92,2.44,4.33,16.72,4.08,11.78,4.33,12.64,2.96,12.67,1.44,4.33,4.87,6.79,5.94,8.16,2.34,13.52,9.54,10.88,2.68,13.25,3.14,16.23,11.0,10.12,11.0,7.22,6.94,16.92,7.72,13.64,7.76,10.84,4.9,6.03,0.67,8.83,5.62,8.78,8.34,6.28,9.08,9.9,2.01,7.21,7.07,10.31,7.13,3.11,6.18,12.88,4.92,12.0,8.43,8.26,9.82,14.84,2.9,18.24,4.33,14.84,3.03,7.24,18.66,9.82,3.94,6.21,14.22,5.64,15.55,11.56,3.6,16.72,3.97,6.12,3.34,12.94,5.43,4.01,12.37,9.87,7.2,5.22,11.66,5.13,5.71,6.93,7.04,15.99,11.23,0.86,8.08,3.94,6.44,13.16,5.17
  42  33,5.25,10.03,8.27,3.74,14.48,3.03,13.04,8.81,2.62,3.78,4.06,13.56,12.63,14.34,10.49,10.46,15.57,5.54,15.9,8.97,17.85,14.26,8.55,7.74,6.19,14.07,6.75,12.63,10.61,10.62,15.36,8.72,999.0,15.78,15.47,13.16,14.41,13.2,5.25,2.45,3.92,13.89,15.98,16.0,14.08,9.55,3.67,17.28,14.14,12.42,11.15,10.39,8.59,8.15,9.02,12.45,10.03,14.54,15.81,11.99,15.46,8.72,11.93,13.38,13.82,8.07,7.83,15.68,10.58,13.65,10.2,4.99,7.55,3.33,12.22,5.56,8.97,11.15,9.4,9.3,5.28,9.55,2.73,0.8,6.97,14.01,2.81,13.72,11.86,2.82,15.99,10.83,8.97,16.05,10.01,17.41,14.62,7.6,4.64,10.61,16.16,7.82,11.3,14.78,11.16,10.61,8.62,8.01,3.7,10.61,13.12,6.92,12.96,7.55,10.61,12.64,5.7,14.66,0.81,10.66,6.71,13.46,16.46,8.59,11.49,11.44,7.7,14.82,9.46,2.45,15.74,15.66,8.21,1.45,14.56,0.97,9.68,8.75,14.3,8.05,6.76,6.87,0.1,16.78,8.72,2.92,2.16,9.18,15.94,15.62,3.86,12.49,11.67,11.93,13.56,13.36,5.98,17.12,16.95,9.55,15.9,10.33,9.56,10.61,15.68,6.43,2.2,11.3,9.55,12.63,3.1,5.72,6.99,14.81,15.57,9.65,8.18,12.68,5.17,6.98,12.15,13.94,12.41,11.81,15.46,15.54,5.28,14.01,12.46,13.41,14.51,11.6,17.26,15.72,9.14,10.21,12.63,14.86,8.11,13.88
  43  34,12.35,11.87,23.79,13.56,12.22,13.59,10.21,12.99,14.24,12.09,18.24,3.43,10.89,12.29,11.96,23.75,0.71,14.19,7.23,7.56,6.83,3.19,7.27,21.07,11.4,11.34,13.11,10.89,6.45,8.58,7.54,10.76,15.78,999.0,9.75,9.07,4.86,3.24,11.34,16.95,12.89,9.27,1.38,6.94,1.72,8.1,16.95,1.99,11.28,9.03,6.68,26.16,7.19,22.34,14.53,3.53,11.87,4.75,11.49,7.32,6.59,14.11,10.58,2.79,8.72,20.89,13.62,7.53,24.88,12.46,5.86,11.75,8.98,12.51,3.66,17.49,9.44,6.68,10.93,23.32,10.56,8.1,13.05,15.59,9.25,4.41,12.97,2.37,10.84,13.0,11.19,7.77,7.56,11.72,6.2,1.86,10.44,11.98,11.16,6.45,9.69,10.93,9.37,2.11,10.23,6.45,24.32,8.16,16.75,6.45,7.17,9.79,7.43,11.91,6.45,6.8,16.92,10.7,14.97,11.78,16.19,2.57,1.14,13.43,10.2,8.48,20.87,2.09,8.51,16.95,8.68,11.37,22.37,15.67,6.88,15.12,9.07,7.22,7.59,10.94,10.28,16.15,15.77,8.57,7.07,13.96,15.43,12.62,10.81,8.89,14.42,3.68,9.11,4.59,6.96,8.29,14.57,10.57,10.54,8.1,7.23,7.9,23.26,6.45,7.53,13.27,15.65,27.07,8.1,10.89,15.0,19.18,16.19,9.87,1.81,14.17,21.35,10.63,16.09,13.88,8.89,12.32,8.37,8.47,1.22,7.85,10.56,4.41,6.11,6.29,5.65,4.24,7.67,0.99,9.91,5.94,10.89,8.16,13.99,10.94
  44  35,10.24,6.07,23.45,11.83,3.05,15.04,17.74,7.7,15.53,13.22,19.29,11.61,3.31,3.19,5.75,25.71,9.04,10.83,16.33,7.73,16.47,11.92,10.48,22.89,9.27,19.12,9.31,3.31,6.47,5.01,16.41,6.79,15.47,9.75,999.0,2.33,4.93,10.98,10.32,17.65,11.55,17.31,8.53,3.1,9.57,13.63,18.38,9.15,2.35,3.07,13.31,24.48,9.69,23.57,8.73,8.1,6.07,13.59,1.75,4.21,3.23,8.59,3.79,10.51,16.81,23.03,18.05,16.51,26.04,3.78,8.07,10.52,12.78,13.38,9.92,13.79,6.56,13.31,6.21,24.7,11.17,13.63,13.34,15.78,9.3,12.97,13.41,10.33,3.97,13.64,19.71,5.13,7.73,1.97,11.27,9.59,18.59,8.13,12.31,6.47,18.52,15.53,4.17,7.69,4.39,6.47,23.49,8.74,18.28,6.47,15.09,8.87,15.24,8.14,6.47,4.01,13.08,1.45,14.85,5.5,19.51,10.25,9.14,8.15,16.98,4.18,22.79,11.2,14.05,17.65,1.22,1.66,23.62,14.51,15.52,14.51,14.83,8.82,2.3,7.45,13.9,11.58,15.52,2.14,10.14,15.41,16.44,7.18,1.07,0.95,16.51,7.69,3.81,7.04,15.13,2.4,17.86,1.67,1.51,13.63,16.33,5.62,24.9,6.47,16.51,9.64,14.04,25.29,13.63,3.31,13.0,20.79,11.55,18.2,11.36,8.0,23.29,3.12,12.58,9.62,16.16,3.47,3.25,15.58,8.53,1.98,11.17,12.97,4.76,3.9,4.12,8.55,17.1,10.66,6.33,11.07,3.31,1.61,18.51,2.27
