GAMS 47.5.0  d6b95593 Aug 29, 2024          WEX-WEI x86 64bit/MS Windows - 09/08/24 12:51:59 Page 1
G e n e r a l   A l g e b r a i c   M o d e l i n g   S y s t e m
C o m p i l a t i o n


   1  *Cambia el número de i dependiendo de la cantidad de nodos que tengas en el problema
   2  Set
   3  i /1*200/;
   4  alias (i,j);
   5  *Cambia el nombre del csv que estes usando
   6  Table c(i,j)
INCLUDE    C:\Users\rcorr\Desktop\Development\MA2015.101\reto\dist_matrix3.csv
   9  ,1,2,3,4,5,6,7,8,9,10,11,12,13,14,15,16,17,18,19,20,21,22,23,24,25,26,27,28,29,30,31,32,33,34,35,36,37,38,39,40,41,42,43,44,45,46,47,48,49,50,51,52,53,54,55,56,57,58,59,60,61,62,63,64,65,66,67,68,69,70,71,72,73,74,75,76,77,78,79,80,81,82,83,84,85,86,87,88,89,90,91,92,93,94,95,96,97,98,99,100,101,102,103,104,105,106,107,108,109,110,111,112,113,114,115,116,117,118,119,120,121,122,123,124,125,126,127,128,129,130,131,132,133,134,135,136,137,138,139,140,141,142,143,144,145,146,147,148,149,150,151,152,153,154,155,156,157,158,159,160,161,162,163,164,165,166,167,168,169,170,171,172,173,174,175,176,177,178,179,180,181,182,183,184,185,186,187,188,189,190,191,192,193,194,195,196,197,198,199,200
  10  1,999.0,6.14,7.5,16.48,9.1,7.52,7.08,5.22,8.79,12.01,9.41,4.43,7.78,16.07,16.17,8.96,10.12,10.12,6.8,6.28,1.63,15.96,5.22,7.04,5.04,6.85,3.29,9.15,5.09,9.44,14.09,8.3,6.68,7.38,8.56,9.08,12.01,7.54,9.92,3.87,2.96,3.0,35.26,4.27,14.46,11.09,4.94,8.99,8.5,4.53,6.25,12.74,7.95,4.28,15.33,7.25,4.05,4.22,6.1,3.96,4.9,0.41,5.75,11.52,9.01,15.43,5.74,4.53,10.65,4.72,4.88,2.62,8.81,5.49,6.24,6.95,8.11,7.15,3.46,15.62,4.72,1.66,8.87,3.29,7.49,4.76,7.41,12.06,5.6,11.39,7.37,11.34,2.76,2.83,8.51,2.23,9.8,9.45,7.97,5.56,12.62,7.57,10.43,8.47,7.38,5.83,4.61,4.57,7.15,7.17,5.82,8.76,8.32,8.63,9.09,6.49,5.56,23.4,8.73,15.73,1.74,7.23,8.21,8.99,9.15,5.2,16.19,7.39,6.16,3.46,2.49,5.57,6.88,6.55,5.34,4.3,4.45,5.04,3.04,5.97,14.15,6.49,5.97,10.77,2.23,6.68,4.62,18.94,9.12,10.72,18.46,3.34,8.84,6.97,4.72,11.79,6.58,10.3,3.29,5.74,13.3,17.94,9.09,6.1,9.38,15.89,3.29,9.19,9.61,6.91,4.23,7.5,11.39,3.6,5.69,4.55,6.96,7.71,4.43,5.43,12.63,8.08,12.0,9.01,1.17,9.92,8.32,10.24,6.71,7.13,6.71,7.8,17.52,8.55,6.26,9.83,8.19,16.92,9.28,10.58
  11  2,6.14,999.0,12.57,19.65,13.02,12.11,7.52,5.72,14.93,18.02,6.71,5.2,6.08,19.95,19.78,6.05,15.52,12.1,3.7,2.15,5.72,18.21,2.45,12.76,4.52,8.93,5.71,15.05,11.15,13.92,18.36,3.29,12.4,7.14,14.49,5.5,18.02,9.77,7.42,2.34,3.27,7.17,40.75,9.33,18.78,16.49,4.37,14.67,11.38,9.35,11.07,17.51,4.58,5.42,19.04,7.03,6.85,10.16,10.99,4.07,9.45,6.12,1.69,15.67,6.27,18.59,4.18,10.14,14.68,6.92,8.62,8.38,11.02,1.88,5.89,11.17,11.34,2.21,4.09,18.27,6.92,6.93,3.28,5.71,6.8,10.89,5.56,17.89,5.51,16.65,10.73,16.69,8.64,4.78,11.17,7.55,5.17,7.29,7.28,5.15,16.12,11.0,15.81,13.36,7.14,2.21,8.58,5.47,2.21,11.19,3.74,8.29,10.75,6.51,12.85,11.31,1.62,19.08,3.0,19.56,4.77,2.68,12.67,14.62,14.06,6.97,20.22,11.12,7.86,3.84,6.09,3.46,12.98,9.69,8.71,2.05,2.44,1.46,4.31,12.01,18.61,1.54,12.01,16.61,7.55,12.4,7.42,24.68,15.07,16.57,19.85,7.75,11.78,13.07,6.92,17.61,10.18,12.46,5.71,0.64,19.15,21.52,5.28,3.22,15.47,19.56,5.71,11.47,15.5,12.36,3.07,1.73,16.65,5.48,10.1,10.06,9.5,12.03,5.2,2.8,17.73,5.7,16.29,12.41,5.3,7.42,7.17,5.51,3.11,6.01,4.38,10.4,21.18,3.61,12.33,5.62,3.43,21.11,14.83,6.8
  12  3,7.5,12.57,999.0,9.92,3.05,11.61,14.28,12.63,6.49,10.49,16.9,7.87,10.23,8.94,9.22,16.45,11.7,16.18,14.2,11.59,9.03,10.45,12.47,8.87,12.53,5.8,10.63,3.98,4.22,2.35,6.77,15.4,8.66,8.65,8.73,16.51,10.49,13.91,17.42,10.31,10.04,9.65,28.18,3.31,7.1,12.39,8.93,10.04,14.21,3.23,10.51,15.12,15.38,7.58,8.37,14.59,5.96,7.13,1.58,11.45,3.14,7.23,11.4,4.46,16.5,8.97,9.69,8.24,3.9,6.25,10.98,7.63,14.94,12.6,13.67,11.74,13.59,14.18,10.94,9.69,6.25,8.3,15.74,10.63,9.14,5.72,14.9,11.59,8.41,13.0,3.76,12.71,7.34,7.79,14.38,5.34,17.07,16.94,15.34,13.04,6.15,13.02,3.3,11.72,8.65,11.16,10.63,11.99,14.18,12.13,13.27,9.29,14.4,16.12,13.79,1.31,12.59,25.12,15.52,8.65,8.03,12.28,12.26,10.24,12.14,6.55,8.94,3.08,6.37,8.76,6.49,13.0,4.54,4.27,11.54,10.52,10.19,11.14,8.26,6.95,6.73,13.44,6.95,10.6,5.34,8.66,11.42,12.31,8.95,10.53,13.63,9.61,14.42,6.68,6.25,11.44,3.51,16.21,10.63,11.99,12.47,10.93,16.5,13.48,8.06,8.91,10.63,15.2,4.25,9.6,9.61,14.23,13.0,7.24,10.76,8.49,5.13,1.85,7.87,12.76,14.33,15.57,4.78,14.12,7.67,17.42,15.74,17.5,11.39,9.48,14.19,13.86,10.48,15.68,6.72,17.19,15.36,9.56,10.71,18.03
  13  4,16.48,19.65,9.92,999.0,7.42,21.53,23.56,21.67,15.49,18.94,25.43,14.48,14.58,2.52,1.58,24.88,21.27,25.99,22.39,17.88,18.11,3.09,20.53,18.69,21.25,10.72,19.77,12.25,14.14,7.57,4.28,22.91,18.51,12.95,18.21,24.69,18.94,23.62,26.05,17.9,18.23,19.14,24.7,12.39,4.35,21.82,15.29,19.61,24.06,12.03,20.43,24.71,23.57,14.3,2.06,23.71,13.16,17.04,10.73,20.09,11.61,16.12,18.04,5.5,24.99,1.07,15.61,18.14,6.06,12.86,20.69,17.33,24.72,20.44,22.64,21.65,23.47,21.73,19.59,2.0,12.86,17.7,22.88,19.77,13.44,15.65,23.57,20.42,14.19,22.48,9.23,22.15,17.09,15.43,24.21,14.29,24.77,25.66,24.41,21.89,3.89,22.89,9.35,21.59,12.95,17.6,20.34,21.01,21.73,22.03,21.67,12.36,24.18,24.81,23.71,10.35,20.33,24.26,22.57,2.35,16.26,18.13,22.18,19.85,21.97,12.72,3.14,9.1,11.79,16.1,14.52,21.34,14.14,10.2,21.24,17.89,17.28,18.24,15.79,16.8,4.93,20.96,16.8,19.7,14.29,18.51,20.91,13.41,18.3,19.64,5.92,19.21,24.29,16.35,12.86,20.35,9.96,26.05,19.77,19.01,20.99,2.28,24.57,21.66,17.11,1.81,19.77,25.02,12.15,19.48,16.65,21.37,22.48,14.44,20.63,18.39,10.19,8.91,14.48,20.91,23.76,24.13,5.38,24.03,16.17,26.05,24.7,25.14,17.21,14.19,22.62,23.64,2.19,23.22,16.53,25.1,22.99,3.98,20.32,26.16
  14  5,9.1,13.02,3.05,7.42,999.0,14.37,16.17,14.32,9.51,13.46,18.27,7.87,9.26,7.05,7.08,17.74,14.72,18.61,15.33,11.6,10.72,7.5,13.49,11.81,13.99,4.59,12.38,6.74,7.07,1.51,5.34,16.14,11.58,7.52,11.77,17.65,13.46,16.21,18.85,11.0,11.1,11.72,28.3,4.96,5.76,15.43,8.85,13.07,16.71,4.61,13.2,18.13,16.51,7.63,6.25,16.35,6.19,9.8,3.37,12.84,4.21,8.75,11.58,2.65,17.84,6.39,9.42,10.89,1.66,6.12,13.28,9.94,17.33,13.49,15.31,14.38,16.13,14.93,12.33,6.85,6.12,10.28,16.3,12.38,8.06,8.53,16.34,14.63,7.98,16.03,2.36,15.75,9.7,8.42,16.83,6.89,17.94,18.43,17.07,14.59,3.54,15.55,4.87,14.6,7.52,11.23,12.94,13.66,14.93,14.75,14.51,7.72,16.79,17.58,16.5,3.02,13.42,23.02,16.02,6.69,9.07,12.1,15.04,13.26,15.06,6.18,7.25,1.9,5.54,9.24,7.33,14.2,7.59,3.38,13.83,11.08,10.58,11.57,8.84,9.88,5.63,14.16,9.88,13.65,6.89,11.58,13.49,13.33,12.01,13.58,10.61,11.8,16.95,9.7,6.12,14.48,2.84,18.68,12.38,12.39,15.48,8.85,17.57,14.59,11.09,6.8,12.38,17.63,6.9,12.48,9.95,14.75,16.03,7.56,13.31,11.12,3.86,1.52,7.87,13.84,17.37,16.94,3.28,16.76,8.89,18.85,17.39,18.34,11.16,8.62,15.46,16.25,8.45,16.45,9.69,18.18,16.17,8.1,13.73,19.15
  15  6,7.52,12.11,11.61,21.53,14.37,999.0,6.82,7.09,7.65,8.09,10.89,11.95,15.29,20.36,20.76,10.89,3.94,5.41,10.29,13.15,6.77,21.86,9.96,3.34,8.15,13.84,6.39,10.35,7.39,13.96,18.08,12.53,3.33,14.86,5.05,11.61,8.09,4.41,10.94,10.49,9.16,5.04,35.31,9.78,18.33,4.8,12.41,4.09,3.45,10.23,1.29,5.41,10.9,11.8,19.91,7.6,11.3,4.58,11.03,8.11,10.73,7.87,12.5,16.05,10.74,20.58,13.16,3.54,15.5,12.01,3.52,5.1,4.58,10.53,7.74,1.09,2.76,11.83,8.02,21.22,12.01,5.91,13.49,6.39,15.0,5.89,9.31,7.08,13.12,4.75,13.53,4.91,5.15,10.33,3.79,8.65,13.09,10.34,8.23,7.9,17.74,2.39,13.03,1.37,14.86,12.76,3.53,6.98,11.83,1.36,9.37,16.22,4.13,9.95,2.22,11.36,10.75,30.7,13.54,20.12,9.14,14.09,0.71,3.86,2.01,12.54,20.27,13.24,13.38,10.83,9.88,9.41,7.74,13.04,3.59,10.98,11.42,11.62,10.49,4.89,17.84,11.56,4.89,6.06,8.65,3.33,4.85,19.04,5.49,6.06,24.8,4.48,3.43,5.74,12.01,6.8,12.75,5.25,6.39,12.01,8.24,22.41,11.84,10.01,6.77,20.44,6.39,4.59,10.7,2.32,11.42,12.7,4.75,11.1,2.01,3.35,13.72,12.86,11.95,9.83,5.67,10.02,16.29,2.74,8.65,10.94,8.81,13.5,13.81,14.64,9.63,3.81,21.95,12.61,5.26,12.67,12.23,20.68,3.74,12.69
  16  7,7.08,7.52,14.28,23.56,16.17,6.82,999.0,2.1,13.11,14.67,4.07,10.29,12.82,23.08,23.22,4.12,10.76,4.65,4.32,9.37,5.46,22.97,5.08,9.25,3.11,13.62,3.8,14.83,10.8,16.4,21.02,6.47,9.02,13.2,11.25,4.93,14.67,2.77,4.14,7.2,6.11,4.67,40.93,11.26,21.37,11.61,10.14,10.69,4.48,11.57,6.47,11.54,4.46,10.31,22.37,0.81,10.8,8.14,13.04,4.05,11.96,7.45,8.71,18.52,3.95,22.51,10.53,7.31,17.69,11.33,4.03,6.84,3.75,5.64,1.63,5.73,4.76,6.23,4.43,22.68,11.33,5.98,7.52,3.8,13.09,9.63,2.73,13.86,11.26,11.49,14.43,11.69,7.18,8.76,4.16,9.28,6.52,3.54,1.43,2.4,19.7,4.71,16.83,8.17,13.2,9.17,4.31,2.69,6.23,5.5,3.82,14.59,3.66,3.14,6.43,13.43,5.9,26.52,7.69,22.75,7.62,10.13,7.07,10.5,8.75,11.71,23.16,14.47,12.74,8.59,9.25,4.07,12.12,13.56,3.59,7.56,8.26,7.86,8.6,9.74,21.01,6.32,9.74,12.75,9.28,9.02,3.0,24.46,11.8,12.73,25.32,4.85,4.86,10.93,11.33,13.56,13.65,5.04,3.8,7.77,15.04,24.98,5.21,4.44,12.81,22.93,3.8,4.18,15.27,8.37,8.63,7.29,11.49,9.83,5.37,7.06,13.87,14.74,10.29,4.73,12.19,3.33,18.97,5.74,7.54,4.14,2.0,6.89,10.3,12.44,3.52,3.52,24.56,6.45,10.18,6.0,6.12,23.83,10.48,5.89
  17  8,5.22,5.72,12.63,21.67,14.32,7.09,2.1,999.0,12.27,14.37,4.54,8.2,10.75,21.3,21.39,4.28,10.92,6.42,3.2,7.42,3.62,20.97,3.28,8.84,1.21,11.57,2.0,13.6,9.48,14.66,19.3,5.44,8.55,11.11,10.82,4.76,14.37,4.05,4.92,5.13,4.02,3.39,39.83,9.48,19.67,11.84,8.05,10.52,5.7,9.75,6.37,12.28,3.88,8.22,20.56,2.05,8.77,7.13,11.3,1.96,10.12,5.57,6.75,16.74,4.23,20.61,8.46,6.52,15.88,9.28,3.68,5.56,5.3,3.88,1.06,6.03,5.75,4.85,2.33,20.72,9.28,4.41,6.42,2.0,11.0,8.49,2.57,13.79,9.16,11.84,12.48,11.98,5.91,6.69,5.47,7.45,6.08,4.38,2.75,0.81,17.82,5.49,15.36,8.45,11.11,7.19,3.82,0.66,4.85,5.93,2.32,12.5,5.04,3.64,7.35,11.69,4.13,24.8,6.51,20.96,5.57,8.23,7.52,10.38,9.11,9.64,21.41,12.57,10.68,6.49,7.25,2.44,10.98,11.59,3.5,5.51,6.2,5.87,6.51,8.91,19.33,4.74,8.91,12.59,7.45,8.55,2.31,23.37,11.4,12.57,23.26,3.78,6.11,10.11,9.28,13.49,11.72,6.76,2.0,5.88,15.02,23.16,4.93,2.98,12.23,21.11,2.0,5.75,14.06,8.11,6.55,5.83,11.84,7.76,5.26,6.31,11.85,12.93,8.2,3.01,12.73,3.32,17.22,6.81,5.54,4.92,3.11,6.51,8.31,10.36,2.56,4.71,22.75,5.52,9.34,5.77,5.14,22.12,10.45,6.1
  18  9,8.79,14.93,6.49,15.49,9.51,7.65,13.11,12.27,999.0,4.05,16.79,11.86,15.04,13.81,14.4,16.55,5.93,13.03,14.96,14.86,9.53,16.64,13.74,4.32,12.79,11.47,10.52,3.26,4.02,8.44,11.49,16.83,4.38,13.82,2.93,16.97,4.05,11.52,17.08,12.65,11.72,8.91,27.9,7.15,11.64,6.37,12.79,4.36,11.02,7.5,7.11,9.31,15.96,11.58,13.59,13.72,10.21,5.16,7.0,12.07,7.87,8.83,14.41,10.14,16.49,14.7,13.67,5.81,9.97,10.82,9.09,6.88,12.07,14.13,13.27,8.33,10.32,15.76,11.68,15.72,10.82,8.31,17.53,10.52,14.21,4.06,14.84,5.12,12.83,7.05,9.95,6.69,6.55,10.87,11.32,7.86,18.06,16.5,14.48,12.97,12.13,9.84,6.2,7.06,13.82,14.4,8.8,11.79,15.76,8.74,13.91,14.83,11.56,15.86,9.76,7.11,14.24,30.7,17.43,13.65,10.3,15.76,8.06,4.63,7.17,11.31,13.57,9.35,11.63,11.81,9.67,13.77,2.31,10.08,9.57,13.05,13.08,13.79,11.28,3.38,11.08,15.18,3.38,4.23,7.86,4.38,10.19,11.48,2.86,4.17,19.93,8.49,11.05,2.18,10.82,4.99,9.42,12.89,10.52,14.53,5.99,15.85,17.09,14.38,1.63,14.07,10.52,12.16,3.44,5.34,12.7,16.24,7.05,10.96,7.98,6.05,10.97,8.29,11.86,13.85,8.29,15.6,10.13,10.38,9.72,17.08,15.01,18.51,15.07,14.26,14.6,11.13,15.39,17.04,2.94,17.91,16.66,13.78,5.08,18.36
  19  10,12.01,18.02,10.49,18.94,13.46,8.09,14.67,14.37,4.05,999.0,18.65,15.58,18.86,17.01,17.7,18.54,4.59,13.25,17.38,18.27,12.35,20.38,16.47,5.53,15.14,15.49,12.94,6.85,7.83,12.3,14.76,19.45,5.83,17.74,3.59,19.12,0.01,12.48,18.81,15.86,14.76,11.26,27.69,11.09,14.82,4.34,16.45,4.01,11.45,11.48,8.2,7.09,18.24,15.31,16.95,15.4,14.05,7.86,11.05,14.65,11.87,12.14,17.75,13.8,18.44,18.25,17.32,8.01,13.77,14.7,10.77,9.65,12.61,16.94,15.24,9.09,10.79,18.5,14.35,19.39,14.7,11.11,20.27,12.94,18.1,7.37,16.86,1.74,16.61,4.98,14.0,4.56,9.39,14.42,11.82,11.52,20.42,18.21,16.1,15.15,15.84,10.48,9.62,6.93,17.74,17.81,10.57,14.02,18.5,9.43,16.35,18.8,12.2,17.7,9.66,11.16,17.09,34.61,20.22,16.91,13.66,19.2,8.16,4.23,6.65,15.2,16.67,13.4,15.6,15.29,13.32,16.28,6.31,14.11,11.12,16.3,16.44,17.04,14.79,6.04,14.24,18.01,6.04,2.08,11.52,5.83,12.09,11.99,3.0,2.06,23.72,10.73,11.34,5.1,14.7,1.85,13.46,12.99,12.94,17.7,2.06,18.99,19.3,16.91,2.74,17.38,12.94,12.55,6.85,6.31,16.15,19.13,4.98,14.65,9.3,8.17,15.0,12.31,15.58,16.49,5.78,17.61,13.69,10.44,13.07,18.81,16.67,20.86,18.59,18.09,16.88,11.9,18.54,19.62,5.76,20.14,19.22,16.7,4.38,20.38
  20  11,9.41,6.71,16.9,25.43,18.27,10.89,4.07,4.54,16.79,18.65,999.0,11.17,12.76,25.32,25.32,0.66,14.83,7.92,3.14,8.86,7.93,24.38,4.98,13.17,4.37,14.89,6.47,18.13,13.99,18.79,23.43,4.03,12.91,13.65,15.17,1.49,18.65,6.74,0.71,7.67,7.21,7.93,44.36,13.65,23.82,15.68,10.64,14.7,8.36,13.86,10.48,15.51,2.13,11.29,24.51,3.29,12.28,11.66,15.48,5.47,14.16,9.68,8.34,20.8,0.45,24.37,10.71,11.0,19.89,12.63,7.9,10.1,7.42,5.22,3.52,9.8,8.75,4.6,5.98,24.28,12.63,8.89,4.95,6.47,13.38,13.03,2.02,17.9,11.84,15.55,16.22,15.76,10.44,10.02,8.0,11.59,3.04,0.85,2.69,3.94,21.68,8.76,19.78,12.25,13.65,8.86,8.12,5.09,4.6,9.57,3.77,14.91,7.5,0.95,10.4,15.86,5.4,24.44,5.26,24.96,9.2,9.3,11.14,14.53,12.83,12.86,25.48,16.43,13.88,9.44,10.95,4.1,15.52,15.24,7.54,7.82,8.52,7.73,9.68,13.41,23.53,5.17,13.41,16.77,11.59,12.91,6.64,27.91,15.73,16.76,26.31,8.3,8.71,14.62,12.63,17.61,15.52,8.36,6.47,7.23,19.1,27.09,1.84,3.84,16.66,25.05,6.47,7.78,18.58,12.35,9.09,5.57,15.55,11.04,9.36,10.78,15.31,16.98,11.17,4.57,16.23,1.33,21.33,9.66,9.38,0.71,2.13,3.26,9.82,12.62,2.81,7.48,26.7,3.82,13.85,2.32,3.7,26.25,14.53,1.83
  21  12,4.43,5.2,7.87,14.48,7.87,11.95,10.29,8.2,11.86,15.58,11.17,999.0,3.41,14.75,14.58,10.57,14.36,14.11,8.05,3.77,5.51,13.22,6.19,11.18,7.4,3.77,6.81,11.04,7.84,8.88,13.2,8.43,10.82,3.02,12.4,10.27,15.58,11.51,11.83,3.5,4.22,7.25,35.92,5.02,13.64,15.32,1.06,13.08,12.7,4.85,10.69,17.14,9.19,0.3,13.84,10.16,1.91,8.28,6.31,6.3,4.77,4.09,3.71,10.52,10.72,13.42,1.87,8.84,9.52,1.75,9.16,6.96,12.83,6.01,8.96,11.36,12.38,7.24,5.87,13.19,1.75,6.07,8.47,6.81,3.06,8.26,9.48,15.94,1.17,15.68,5.55,15.59,7.02,1.67,12.65,4.06,10.28,11.53,10.72,8.12,10.92,11.87,11.17,12.88,3.02,3.37,8.92,7.62,7.24,11.57,7.47,4.43,12.39,10.68,13.48,6.57,5.88,19.19,8.18,14.36,2.93,4.41,12.65,13.12,13.55,1.77,15.03,5.99,2.73,1.76,2.29,7.13,9.61,4.51,9.54,3.42,2.8,3.77,1.71,9.76,13.49,6.48,9.76,14.66,4.06,10.82,8.57,20.18,12.92,14.61,15.2,7.68,13.07,10.5,1.75,15.68,5.05,14.35,6.81,4.56,17.12,16.33,10.13,7.33,12.85,14.36,6.81,13.24,11.46,11.2,2.17,6.93,15.68,0.93,10.11,8.9,4.31,7.02,0.01,6.6,16.95,9.93,11.15,13.34,3.33,11.83,10.86,10.66,3.53,2.71,8.41,11.89,15.98,8.74,9.92,10.63,8.5,15.93,13.47,11.71
  22  13,7.78,6.08,10.23,14.58,9.26,15.29,12.82,10.75,15.04,18.86,12.76,3.41,999.0,15.41,15.04,12.12,17.77,17.0,9.68,3.94,8.66,12.66,8.03,14.58,9.74,4.68,9.73,13.83,11.05,10.58,14.3,9.25,14.22,1.75,15.77,11.58,18.86,14.43,13.47,5.62,6.8,10.44,37.54,7.95,14.74,18.72,2.9,16.47,15.76,7.66,14.03,20.52,10.64,3.63,14.41,12.52,4.82,11.69,8.81,8.79,7.42,7.46,4.42,11.75,12.32,13.57,2.3,12.24,10.75,4.24,12.32,10.35,15.76,7.63,11.31,14.64,15.51,8.27,8.48,12.95,4.24,9.37,8.89,9.73,1.21,11.6,11.42,19.29,2.27,19.08,6.97,18.99,10.42,4.96,15.67,7.4,11.1,13.3,12.95,10.47,11.54,15.02,13.42,16.25,1.75,3.9,12.12,10.25,8.27,14.81,9.42,2.34,15.36,12.49,16.71,8.96,7.41,15.81,8.54,15.0,6.15,3.79,15.97,16.52,16.93,3.79,15.8,7.61,3.87,4.54,5.68,9.09,12.74,6.1,12.65,5.27,4.56,5.11,4.81,13.13,14.73,7.62,13.13,18.02,7.4,14.22,11.56,22.37,16.27,17.97,13.93,10.92,16.15,13.82,4.24,19.04,6.84,17.28,9.73,5.54,20.46,16.67,11.35,9.07,16.12,14.87,9.73,16.19,14.21,14.61,4.22,7.55,19.08,4.33,13.39,12.29,5.42,8.91,3.41,8.45,20.35,11.68,12.42,16.5,6.64,13.47,12.97,11.38,3.02,0.78,10.25,14.89,16.39,9.56,13.27,11.63,9.45,16.8,16.87,12.84
  23  14,16.07,19.95,8.94,2.52,7.05,20.36,23.08,21.3,13.81,17.01,25.32,14.75,15.41,999.0,0.95,24.79,19.7,25.11,22.38,18.36,17.68,5.44,20.54,17.34,21.02,11.11,19.34,10.56,13.04,6.69,2.32,23.13,17.21,13.69,16.64,24.7,17.01,22.85,25.89,18.01,18.15,18.52,22.82,11.83,2.19,20.18,15.65,18.07,23.12,11.54,19.34,23.11,23.56,14.53,1.03,23.32,13.19,16.01,10.04,19.88,11.19,15.74,18.43,4.57,24.89,2.67,16.11,17.12,5.43,13.03,19.91,16.55,23.87,20.52,22.31,20.6,22.49,21.92,19.36,4.22,13.03,17.12,23.22,19.34,14.22,14.53,23.38,18.57,14.65,20.85,9.23,20.5,16.27,15.45,23.3,13.85,24.95,25.46,24.05,21.61,3.88,21.92,7.61,20.28,13.69,18.03,19.56,20.65,21.92,20.99,21.57,13.35,23.33,24.62,22.57,9.65,20.44,26.33,22.93,0.41,16.12,18.73,20.97,18.32,20.59,12.99,0.63,8.92,12.17,16.23,14.39,21.26,12.74,10.27,20.47,18.06,17.52,18.5,15.85,15.52,2.77,21.15,15.52,17.95,13.85,17.21,20.29,10.89,16.66,17.89,8.44,18.51,23.32,14.92,13.03,18.52,9.85,25.12,19.34,19.31,19.04,2.06,24.62,21.64,15.4,0.78,19.34,24.13,10.39,18.2,16.89,21.68,20.85,14.55,19.67,17.38,10.47,8.37,14.75,20.89,22.09,23.99,4.15,22.97,15.94,25.89,24.39,25.34,17.79,14.92,22.52,22.8,1.59,23.44,15.2,25.21,23.17,1.63,18.79,26.2
  24  15,16.17,19.78,9.22,1.58,7.08,20.76,23.22,21.39,14.4,17.7,25.32,14.58,15.04,0.95,999.0,24.78,20.26,25.4,22.34,18.12,17.79,4.53,20.48,17.8,21.06,10.89,19.45,11.14,13.39,6.91,2.95,23.0,17.65,13.35,17.19,24.65,17.7,23.09,25.91,17.91,18.12,18.7,23.52,11.97,2.92,20.76,15.46,18.61,23.43,11.65,19.7,23.68,23.52,14.38,0.86,23.42,13.11,16.35,10.22,19.91,11.27,15.82,18.23,4.77,24.88,1.83,15.86,17.46,5.53,12.9,20.15,16.79,24.15,20.44,22.39,20.95,22.82,21.8,19.4,3.33,12.9,17.28,23.05,19.45,13.86,14.9,23.4,19.24,14.41,21.43,9.14,21.08,16.52,15.38,23.6,13.95,24.84,25.49,24.14,21.66,3.67,22.24,8.21,20.74,13.35,17.81,19.81,20.73,21.8,21.34,21.56,12.92,23.61,24.65,22.96,9.83,20.35,25.54,22.75,0.82,16.11,18.45,21.38,18.86,21.07,12.82,1.57,8.89,11.95,16.12,14.37,21.24,13.21,10.15,20.72,17.94,17.38,18.35,15.77,15.95,3.52,21.03,15.95,18.58,13.95,17.65,20.48,11.84,17.24,18.51,7.5,18.73,23.64,15.41,12.9,19.18,9.8,25.43,19.45,19.15,19.75,1.77,24.56,21.6,16.01,0.33,19.45,24.42,11.0,18.64,16.74,21.51,21.43,14.44,19.99,17.71,10.28,8.47,14.58,20.85,22.69,24.0,4.48,23.33,15.96,25.91,24.46,25.22,17.52,14.59,22.51,23.07,1.39,23.31,15.65,25.13,23.06,2.47,19.33,26.14
  25  16,8.96,6.05,16.45,24.88,17.74,10.89,4.12,4.28,16.55,18.54,0.66,10.57,12.12,24.79,24.78,999.0,14.82,8.23,2.52,8.2,7.52,23.79,4.38,13.03,3.95,14.3,6.13,17.79,13.64,18.3,22.93,3.4,12.76,13.02,15.02,0.95,18.54,6.86,1.37,7.07,6.66,7.65,44.02,13.18,23.32,15.69,10.02,14.62,8.53,13.37,10.4,15.65,1.47,10.7,23.98,3.32,11.72,11.4,15.01,5.0,13.66,9.22,7.69,20.29,0.27,23.81,10.07,10.79,19.37,12.05,7.77,9.79,7.64,4.59,3.31,9.8,8.87,3.94,5.51,23.71,12.05,8.53,4.35,6.13,12.75,12.73,1.71,17.85,11.21,15.59,15.67,15.79,10.14,9.45,8.18,11.12,2.6,1.39,2.84,3.6,21.13,8.83,19.37,12.26,13.02,8.21,7.97,4.78,3.94,9.59,3.23,14.27,7.67,1.05,10.54,15.39,4.77,23.86,4.65,24.43,8.67,8.64,11.17,14.46,12.85,12.27,24.97,15.89,13.28,8.85,10.41,3.54,15.21,14.68,7.45,7.2,7.9,7.1,9.11,13.18,23.04,4.51,13.18,16.69,11.12,12.76,6.47,27.58,15.6,16.67,25.69,8.06,8.89,14.39,12.05,17.55,14.98,8.67,6.13,6.58,19.05,26.55,1.3,3.24,16.48,24.52,6.13,8.02,18.24,12.24,8.47,4.92,15.59,10.46,9.28,10.57,14.74,16.48,10.57,3.98,16.32,0.95,20.83,9.81,8.88,1.37,2.32,2.88,9.17,11.98,2.28,7.61,26.16,3.21,13.61,1.95,3.07,25.75,14.47,1.84
  26  17,10.12,15.52,11.7,21.27,14.72,3.94,10.76,10.92,5.93,4.59,14.83,14.36,17.77,19.7,20.26,14.82,999.0,8.73,14.09,16.25,9.87,22.14,13.56,3.23,11.9,15.39,9.92,9.16,7.81,13.93,17.38,16.3,3.57,17.02,3.07,15.52,4.59,8.29,14.88,13.64,12.37,8.35,32.27,10.94,17.55,0.98,15.02,1.67,7.05,11.39,4.56,3.44,14.77,14.15,19.44,11.54,13.27,6.09,11.64,11.69,11.88,10.39,15.65,15.82,14.68,20.43,15.85,5.59,15.5,13.98,7.25,7.5,8.21,14.1,11.63,5.03,6.43,15.51,11.51,21.32,13.98,8.76,17.22,9.92,17.26,6.59,13.23,3.26,15.51,1.36,14.5,1.22,7.38,12.89,7.43,10.51,16.97,14.28,12.18,11.73,17.73,6.22,12.09,2.6,17.02,15.83,7.16,10.72,15.51,5.28,13.13,18.28,7.85,13.89,5.13,11.89,14.3,33.5,17.25,19.53,11.86,17.21,3.79,1.46,2.14,14.52,19.49,14.05,15.18,13.58,12.11,13.13,7.2,14.29,7.44,14.12,14.44,14.82,13.15,5.02,17.0,15.16,5.02,2.54,10.51,3.57,8.62,16.38,3.08,2.56,25.33,7.77,6.88,5.02,13.98,2.99,13.81,8.44,9.92,15.33,4.33,21.75,15.75,13.75,4.46,19.93,9.92,8.1,9.37,3.22,14.31,16.31,1.36,13.44,5.66,5.59,15.09,13.31,14.36,13.49,2.7,13.94,15.89,5.94,11.29,14.88,12.75,17.39,16.79,17.06,13.48,7.63,21.29,16.41,5.1,16.58,16.02,19.71,1.0,16.63
  27  18,10.12,12.1,16.18,25.99,18.61,5.41,4.65,6.42,13.03,13.25,7.92,14.11,17.0,25.11,25.4,8.23,8.73,999.0,8.96,13.83,8.68,25.88,9.65,8.72,7.6,16.97,7.31,15.56,12.11,18.49,22.88,11.05,8.66,17.12,10.45,9.15,13.25,2.6,7.63,11.44,10.2,7.13,40.71,13.69,23.18,9.31,14.17,9.38,2.04,14.08,6.01,8.18,8.96,14.06,24.54,5.32,14.16,9.12,15.27,8.3,14.56,10.53,13.16,20.63,7.99,24.99,14.7,8.03,19.95,14.79,5.36,8.67,1.31,10.23,6.27,4.73,2.73,10.88,8.54,25.4,14.79,8.57,12.1,7.31,17.09,10.65,7.24,11.99,15.19,8.94,17.28,9.27,8.91,12.46,1.81,12.01,10.81,7.13,5.47,6.95,22.12,3.26,18.08,6.34,17.12,13.58,5.69,6.8,10.88,4.32,8.46,18.53,1.82,7.18,3.6,15.64,10.49,31.16,12.3,24.83,11.22,14.64,5.15,9.12,6.62,15.25,25.08,17.16,16.24,12.54,12.58,8.69,12.86,16.57,4.83,11.86,12.51,12.27,12.41,10.04,22.73,10.96,10.04,11.18,12.01,8.66,5.56,24.45,10.87,11.19,28.54,6.91,1.99,11.04,14.79,11.73,16.48,0.44,7.31,12.29,12.98,27.11,9.48,9.08,12.18,25.09,7.31,0.98,15.94,7.7,12.78,11.94,8.94,13.47,5.46,7.76,17.06,17.1,14.11,9.32,9.19,7.67,20.96,2.81,10.95,7.63,5.92,11.11,14.71,16.53,8.16,2.36,26.66,11.0,10.46,10.17,10.7,25.59,8.89,9.69
  28  19,6.8,3.7,14.2,22.39,15.33,10.29,4.32,3.2,14.96,17.38,3.14,8.05,9.68,22.38,22.34,2.52,14.09,8.96,999.0,5.82,5.54,21.27,1.87,11.86,2.24,11.79,4.47,15.86,11.72,15.95,20.56,2.25,11.55,10.52,13.8,2.33,17.38,6.95,3.83,4.55,4.23,6.14,42.04,10.9,20.96,15.03,7.5,13.62,8.66,11.06,9.54,15.46,1.19,8.18,21.54,3.65,9.24,9.82,12.71,2.92,11.31,7.0,5.26,17.91,2.69,21.33,7.58,9.4,16.96,9.55,6.85,8.09,8.05,2.08,2.77,9.23,8.82,1.94,3.38,21.2,9.55,6.69,3.27,4.47,10.26,10.99,1.9,16.9,8.7,15.03,13.21,15.17,8.42,6.97,8.38,8.86,3.1,3.62,3.71,2.39,18.68,8.62,17.22,11.65,10.52,5.78,6.95,3.39,1.94,9.12,1.05,11.78,7.9,2.82,10.46,13.08,2.28,22.31,3.4,22.01,6.27,6.37,10.71,13.5,12.3,9.76,22.57,13.46,10.76,6.34,7.99,1.23,13.4,12.21,6.7,4.68,5.38,4.61,6.61,11.68,20.71,2.23,11.68,15.67,8.86,11.55,5.48,25.67,14.39,15.65,23.17,6.65,9.07,12.87,9.55,16.6,12.53,9.36,4.47,4.16,18.14,24.1,2.3,0.74,15.1,22.08,4.47,8.48,16.32,11.21,5.95,3.02,15.03,7.96,8.43,9.23,12.24,14.11,8.05,1.49,15.93,2.01,18.46,9.86,6.54,3.83,3.52,3.55,6.79,9.5,0.8,7.67,23.72,2.32,12.08,3.03,1.94,23.38,13.59,3.84
  29  20,6.28,2.15,11.59,17.88,11.6,13.15,9.37,7.42,14.86,18.27,8.86,3.77,3.94,18.36,18.12,8.2,16.25,13.83,5.82,999.0,6.42,16.28,4.34,13.28,6.28,7.24,6.93,14.51,10.9,12.65,16.91,5.33,12.92,5.11,14.84,7.64,18.27,11.38,9.57,2.65,3.99,8.11,39.68,8.55,17.35,17.23,2.75,15.23,12.89,8.46,12.0,18.55,6.73,4.05,17.41,8.96,5.64,10.5,10.01,5.55,8.45,6.13,0.68,14.24,8.42,16.83,2.27,10.7,13.23,5.51,9.8,8.82,12.67,3.85,7.77,12.31,12.77,4.33,5.4,16.41,5.51,7.49,5.07,6.93,4.73,10.94,7.64,18.34,3.71,17.47,9.25,17.46,9.01,4.05,12.73,7.09,7.19,9.43,9.28,6.98,14.49,12.36,14.88,14.31,5.11,0.47,9.69,7.04,4.33,12.4,5.72,6.2,12.35,8.64,14.17,10.29,3.61,17.62,4.74,17.96,4.6,0.96,13.77,15.21,15.01,5.42,18.67,9.73,6.18,3.06,5.36,5.4,12.74,8.22,9.99,2.17,1.83,1.58,3.6,12.24,17.23,3.69,12.24,17.04,7.09,12.92,8.76,23.87,15.4,17.0,17.79,8.67,13.29,13.19,5.51,18.06,8.8,14.16,6.93,1.66,19.58,19.84,7.41,5.28,15.6,17.92,6.93,13.12,14.94,13.04,2.16,3.64,17.47,4.35,11.14,10.67,7.89,10.79,3.77,4.74,18.63,7.83,14.88,13.82,5.2,9.57,9.23,7.5,0.97,3.94,6.45,11.95,19.51,5.64,12.51,7.7,5.51,19.6,15.47,8.9
  30  21,1.63,5.72,9.03,18.11,10.72,6.77,5.46,3.62,9.53,12.35,7.93,5.51,8.66,17.68,17.79,7.52,9.87,8.68,5.54,6.42,999.0,17.56,4.22,7.03,3.57,8.35,1.66,10.32,6.18,11.04,15.68,7.31,6.68,8.53,8.78,7.73,12.35,6.08,8.41,3.78,2.5,1.78,36.54,5.86,16.05,10.85,5.77,8.95,7.19,6.14,5.59,12.15,6.64,5.42,16.95,5.64,5.51,4.51,7.68,2.62,6.52,2.0,5.8,13.12,7.55,17.05,6.45,4.42,12.27,6.13,3.66,2.71,7.38,4.63,4.65,6.02,6.88,6.25,2.17,17.23,6.13,1.24,8.01,1.66,8.56,5.49,5.91,12.17,6.64,11.05,8.98,11.06,3.0,3.84,7.15,3.84,8.63,7.91,6.36,4.02,14.24,6.38,11.85,7.89,8.53,6.02,3.46,2.97,6.25,6.17,4.52,9.93,6.91,7.11,8.05,8.07,4.76,23.93,7.93,17.35,2.58,7.38,7.42,8.91,8.59,6.57,17.79,9.02,7.57,4.13,3.93,4.32,7.86,8.14,4.03,4.27,4.66,4.95,3.88,6.39,15.72,5.69,6.39,10.88,3.84,6.68,3.12,20.14,9.37,10.85,20.01,2.3,7.56,7.52,6.13,11.88,8.2,8.89,1.66,5.48,13.42,19.56,7.79,4.91,9.86,17.5,1.66,7.78,10.78,6.67,4.66,6.8,11.05,4.81,4.79,4.34,8.51,9.32,5.51,4.33,12.21,6.61,13.6,7.85,2.27,8.41,6.72,9.08,7.05,8.09,5.33,6.41,19.14,7.52,6.75,8.56,7.14,18.5,9.13,9.22
  31  22,15.96,18.21,10.45,3.09,7.5,21.86,22.97,20.97,16.64,20.38,24.38,13.22,12.66,5.44,4.53,23.79,22.14,25.88,21.27,16.28,17.56,999.0,19.41,19.3,20.4,9.5,19.19,13.53,14.58,8.23,6.54,21.5,19.08,11.18,19.14,23.49,20.38,23.39,25.04,16.72,17.26,18.82,27.73,12.22,6.77,22.8,13.88,20.48,24.05,11.81,20.67,25.57,22.41,13.09,4.64,23.02,12.22,17.28,10.83,19.25,11.33,15.57,16.54,6.58,23.93,2.81,14.05,18.35,6.68,11.79,20.52,17.25,24.58,19.23,21.88,21.81,23.5,20.37,18.76,1.24,11.79,17.36,21.35,19.19,11.62,16.04,22.63,21.73,12.7,23.43,8.61,23.12,17.05,14.42,24.14,13.89,23.38,24.7,23.67,21.08,4.54,22.92,10.83,22.11,11.18,16.06,20.19,20.33,20.37,22.17,20.65,10.34,24.05,23.85,23.96,10.5,19.09,21.21,21.01,5.15,15.42,16.38,22.53,20.69,22.56,11.52,6.07,8.72,10.51,14.94,13.73,20.31,14.95,9.42,21.05,16.63,15.97,16.87,14.72,17.37,7.27,19.62,17.37,20.87,13.89,19.08,20.54,16.22,19.31,20.8,3.39,18.98,24.32,17.13,11.79,21.62,9.41,25.99,19.19,17.58,22.44,5.27,23.33,20.55,18.27,4.65,19.19,24.91,13.53,19.98,15.36,19.88,23.43,13.37,20.7,18.57,9.14,9.01,13.22,19.81,24.75,23.12,6.78,24.18,15.44,25.04,23.9,23.72,15.51,12.41,21.59,23.51,5.26,21.82,17.16,23.79,21.62,7.0,21.16,24.91
  32  23,5.22,2.45,12.47,20.53,13.49,9.96,5.08,3.28,13.74,16.47,4.98,6.19,8.03,20.54,20.48,4.38,13.56,9.65,1.87,4.34,4.22,19.41,999.0,11.03,2.07,9.92,3.64,14.36,10.27,14.15,18.75,3.11,10.69,8.74,12.88,4.17,16.47,7.33,5.65,2.7,2.44,5.27,40.46,9.16,19.15,14.52,5.69,12.88,8.96,9.29,9.02,15.31,3.04,6.32,19.69,4.62,7.38,8.7,10.96,1.87,9.52,5.36,3.71,16.08,4.53,19.46,5.84,8.46,15.13,7.68,6.44,6.91,8.57,0.6,3.46,8.97,8.97,2.04,2.12,19.33,7.68,5.44,3.81,3.64,8.51,9.7,3.4,16.16,6.88,14.62,11.35,14.7,7.21,5.11,8.75,7.16,4.61,5.38,4.96,2.7,16.82,8.66,15.56,11.27,8.74,4.2,6.45,3.1,2.04,8.95,1.4,10.05,8.32,4.53,10.52,11.32,0.85,21.52,3.76,20.17,4.48,5.05,10.48,12.8,11.95,7.89,20.74,11.61,8.9,4.47,6.17,1.07,12.02,10.35,6.45,2.87,3.59,2.92,4.74,10.58,18.91,1.6,10.58,14.89,7.16,10.69,5.16,24.16,13.47,14.86,21.35,5.83,9.37,11.72,7.68,15.86,10.69,10.01,3.64,2.7,17.41,22.25,4.08,1.14,14.05,20.23,3.64,9.02,14.82,10.5,4.12,2.75,14.62,6.09,7.99,8.33,10.37,12.3,6.19,0.42,15.63,3.75,16.65,10.04,4.8,5.65,4.94,5.05,5.29,7.79,2.25,7.98,21.87,3.34,10.95,4.73,2.97,21.56,12.95,5.66
  33  24,7.04,12.76,8.87,18.69,11.81,3.34,9.25,8.84,4.32,5.53,13.17,11.18,14.58,17.34,17.8,13.03,3.23,8.72,11.86,13.28,7.03,19.3,11.03,999.0,9.62,12.18,7.45,7.08,4.76,11.18,15.03,13.96,0.36,13.8,2.0,13.6,5.53,7.34,13.36,10.73,9.52,5.77,32.1,7.76,15.25,4.15,11.88,1.95,6.71,8.21,2.89,6.42,12.71,10.96,16.96,9.94,10.04,2.89,8.6,9.19,8.71,7.27,12.7,13.19,12.94,17.79,12.72,2.61,12.75,10.75,5.27,4.46,7.78,11.53,9.72,4.04,6.01,13.05,8.91,18.56,10.75,5.84,14.81,7.45,14.04,3.41,11.34,5.14,12.31,4.58,11.39,4.44,4.28,9.75,7.03,7.29,14.89,12.76,10.67,9.62,15.0,5.55,9.86,2.94,13.8,12.84,5.06,8.49,13.05,4.45,10.84,15.05,7.29,12.22,5.48,8.88,11.7,30.35,14.78,17.13,8.78,14.24,3.79,1.95,3.28,11.29,17.2,10.98,11.95,10.49,8.91,10.78,4.61,11.11,5.66,11.19,11.45,11.92,10.04,1.93,14.74,12.6,1.93,3.87,7.29,0.36,6.57,15.75,2.56,3.83,22.4,5.23,6.74,2.47,10.75,4.85,10.67,8.57,7.45,12.5,6.4,19.39,13.77,11.41,3.6,17.48,7.45,7.85,7.41,1.02,11.27,13.74,4.58,10.25,3.9,2.71,11.9,10.35,11.18,11.02,5.91,12.1,13.35,6.07,8.19,13.36,11.23,15.33,13.75,13.86,11.35,6.88,18.94,14.11,2.16,14.61,13.72,17.55,2.29,14.87
  34  25,5.04,4.52,12.53,21.25,13.99,8.15,3.11,1.21,12.79,15.14,4.37,7.4,9.74,21.02,21.06,3.95,11.9,7.6,2.24,6.28,3.57,20.4,2.07,9.62,999.0,10.93,2.27,13.86,9.71,14.45,19.09,4.4,9.31,10.22,11.56,4.21,15.14,5.26,4.89,4.13,3.19,3.92,40.09,9.29,19.47,12.84,7.13,11.39,6.91,9.52,7.33,13.41,3.17,7.45,20.24,2.8,8.18,7.64,11.13,1.16,9.83,5.32,5.61,16.48,3.98,20.19,7.47,7.18,15.59,8.63,4.66,5.94,6.5,2.66,1.58,7.11,6.94,3.7,1.66,20.21,8.63,4.61,5.34,2.27,10.06,8.87,2.37,14.67,8.28,12.87,12.03,12.99,6.28,6.0,6.68,7.23,5.3,4.44,3.32,0.74,17.45,6.66,15.42,9.49,10.22,6.07,4.73,1.18,3.7,7.04,1.23,11.58,6.25,3.61,8.53,11.51,2.92,23.59,5.4,20.67,5.0,7.06,8.61,11.27,10.16,8.94,21.17,12.18,9.98,5.65,6.74,1.27,11.32,11.09,4.57,4.47,5.18,4.75,5.75,9.48,19.17,3.54,9.48,13.44,7.23,9.31,3.3,23.67,12.15,13.41,22.57,4.42,7.32,10.67,8.63,14.37,11.3,7.95,2.27,4.7,15.91,22.83,4.3,1.86,12.88,20.79,2.27,6.95,14.32,8.97,5.59,4.64,12.87,7.06,6.24,6.99,11.27,12.66,7.4,1.8,13.81,3.05,17.0,8.01,5.1,4.89,3.5,5.75,7.19,9.39,1.81,5.92,22.43,4.52,9.89,5.12,4.13,21.92,11.37,5.67
  35  26,6.85,8.93,5.8,10.72,4.59,13.84,13.62,11.57,11.47,15.49,14.89,3.77,4.68,11.11,10.89,14.3,15.39,16.97,11.79,7.24,8.35,9.5,9.92,12.18,10.93,999.0,9.9,9.66,7.79,5.9,9.76,12.19,11.86,2.97,12.87,14.04,15.49,14.39,15.54,7.24,7.76,9.84,32.89,4.5,10.21,16.26,4.58,13.88,15.32,4.07,12.56,18.54,12.94,3.61,10.17,13.6,2.83,9.49,4.6,9.78,3.63,6.44,7.35,7.14,14.44,9.66,4.99,10.36,6.13,2.3,11.7,8.77,15.66,9.78,12.43,13.5,14.88,11.01,9.31,9.42,2.3,8.43,12.18,9.9,3.5,8.82,13.13,16.24,3.54,16.75,2.29,16.57,8.69,4.93,15.34,5.19,14.05,15.21,14.22,11.62,7.24,14.32,8.84,14.48,2.97,6.93,11.4,10.94,11.01,13.78,11.15,3.5,15.17,14.35,15.69,4.64,9.65,19.39,11.87,10.71,6.0,7.63,14.55,14.0,15.08,2.03,11.44,2.95,1.07,5.45,4.41,10.81,9.18,1.53,12.18,7.19,6.57,7.52,5.22,10.4,10.14,10.25,10.4,15.06,5.19,11.86,11.44,17.73,13.28,15.0,11.7,10.13,15.65,10.76,2.3,16.03,2.29,17.14,9.9,8.29,17.3,12.61,13.9,11.06,12.81,10.68,9.9,16.04,9.98,12.51,5.94,10.65,16.75,3.87,12.27,10.51,0.74,4.28,3.77,10.32,18.09,13.62,7.81,15.72,6.11,15.54,14.42,14.42,6.69,4.03,12.1,14.64,12.27,12.5,10.41,14.4,12.27,12.39,14.42,15.49
  36  27,3.29,5.71,10.63,19.77,12.38,6.39,3.8,2.0,10.52,12.94,6.47,6.81,9.73,19.34,19.45,6.13,9.92,7.31,4.47,6.93,1.66,19.19,3.64,7.45,2.27,9.9,999.0,11.66,7.52,12.68,17.31,6.52,7.12,9.81,9.35,6.47,12.94,4.72,6.89,4.33,2.99,1.68,37.9,7.51,17.68,10.89,6.87,9.27,6.06,7.8,5.4,11.79,5.44,6.77,18.61,3.98,7.07,5.37,9.32,1.77,8.18,3.65,6.25,14.77,6.11,18.71,7.44,4.94,13.93,7.64,2.92,3.68,6.04,4.18,3.06,5.46,5.87,5.62,1.62,18.88,7.64,2.42,7.37,0.01,9.78,6.61,4.45,12.55,7.88,10.99,10.63,11.07,4.02,5.18,5.95,5.5,7.56,6.37,4.72,2.53,15.91,5.44,13.37,7.67,9.81,6.59,2.86,1.38,5.62,5.5,3.43,11.22,5.63,5.6,7.25,9.71,4.39,24.54,7.36,19.0,3.96,7.84,6.96,9.17,8.36,8.06,19.44,10.68,9.08,5.23,5.5,3.34,9.08,9.77,3.07,4.79,5.36,5.35,5.11,7.21,17.34,5.24,7.21,11.29,5.5,7.12,1.86,21.46,9.94,11.26,21.6,2.22,6.45,8.4,7.64,12.25,9.86,7.57,0.01,5.65,13.8,21.21,6.57,3.97,10.63,19.16,0.01,6.47,12.12,6.87,5.54,6.39,10.99,6.22,4.39,4.77,10.11,10.98,6.81,3.59,12.04,5.19,15.24,6.91,3.79,6.89,5.11,8.01,7.7,9.23,4.08,5.17,20.8,6.68,7.62,7.39,6.28,20.13,9.32,7.9
  37  28,9.15,15.05,3.98,12.25,6.74,10.35,14.83,13.6,3.26,6.85,18.13,11.04,13.83,10.56,11.14,17.79,9.16,15.56,15.86,14.51,10.32,13.53,14.36,7.08,13.86,9.66,11.66,999.0,4.15,5.48,8.24,17.45,7.03,12.38,6.11,18.05,6.85,13.71,18.52,12.71,12.07,10.25,26.24,6.03,8.39,9.62,12.07,7.54,13.52,6.22,9.56,12.56,16.96,10.75,10.34,15.33,9.18,6.73,5.08,12.94,6.41,9.04,14.18,6.97,17.78,11.49,12.91,7.7,6.92,9.65,10.97,8.05,14.47,14.64,14.65,10.83,12.83,16.29,12.48,12.57,9.65,9.26,17.99,11.66,12.84,5.21,16.11,8.21,11.8,10.3,7.74,9.94,7.71,10.48,13.78,7.51,18.91,17.97,16.1,14.2,9.0,12.3,2.94,10.0,12.38,14.05,10.64,13.03,16.29,11.25,14.84,13.15,13.93,17.24,12.54,5.03,14.69,29.04,17.83,10.4,10.28,15.32,10.86,7.8,10.21,10.05,10.33,7.06,10.09,11.48,9.16,14.63,2.75,8.15,11.52,13.03,12.88,13.73,10.94,5.52,7.84,15.61,5.52,7.45,7.51,7.03,11.83,9.82,6.11,7.39,16.87,9.99,13.62,4.62,9.65,8.12,7.41,15.48,11.66,14.55,8.91,12.6,18.11,15.19,4.86,10.81,11.66,14.63,0.46,8.04,12.39,16.57,10.3,10.25,10.2,7.98,9.03,5.81,11.04,14.56,11.54,16.85,6.91,13.07,9.78,18.52,16.59,19.36,14.51,13.07,15.65,13.45,12.14,17.7,5.11,18.89,17.34,10.57,8.27,19.52
  38  29,5.09,11.15,4.22,14.14,7.07,7.39,10.8,9.48,4.02,7.83,13.99,7.84,11.05,13.04,13.39,13.64,7.81,12.11,11.72,10.9,6.18,14.58,10.27,4.76,9.71,7.79,7.52,4.15,999.0,6.57,10.79,13.37,4.51,9.91,5.09,13.9,7.83,9.99,14.39,8.83,8.04,6.16,30.39,3.31,11.07,8.61,8.77,6.2,10.1,3.73,6.31,11.14,12.82,7.56,12.54,11.25,6.23,2.99,3.85,8.8,4.17,5.04,10.49,8.66,13.63,13.2,9.65,4.09,8.12,6.86,7.11,3.96,10.91,10.58,10.53,7.56,9.46,12.23,8.34,13.87,6.86,5.11,13.96,7.52,10.26,1.51,11.97,8.46,8.82,9.15,6.7,8.92,3.63,6.88,10.3,3.85,14.79,13.85,12.03,10.05,10.37,8.89,6.08,7.53,9.91,10.44,6.77,8.89,12.23,7.96,10.69,11.0,10.37,13.11,9.58,4.12,10.65,26.78,13.82,12.78,6.42,11.79,8.04,6.36,7.98,7.37,12.98,6.25,7.8,7.84,5.66,10.49,1.84,6.55,7.68,9.2,9.16,9.93,7.31,2.83,10.62,11.58,2.83,7.26,3.85,4.51,7.82,13.97,5.49,7.2,17.65,5.95,10.28,2.97,6.86,8.24,6.02,12.11,7.52,10.7,9.55,15.06,13.96,11.07,5.1,13.07,7.52,11.14,4.61,5.4,8.75,12.58,9.15,6.94,6.66,4.35,7.4,5.59,7.84,10.45,10.5,12.7,8.92,9.94,5.87,14.39,12.49,15.24,11.07,10.28,11.5,9.85,14.61,13.61,2.71,14.74,13.24,13.48,6.81,15.37
  39  30,9.44,13.92,2.35,7.57,1.51,13.96,16.4,14.66,8.44,12.3,18.79,8.88,10.58,6.69,6.91,18.3,13.93,18.49,15.95,12.65,11.04,8.23,14.15,11.18,14.45,5.9,12.68,5.48,6.57,999.0,4.65,16.94,10.99,8.87,10.91,18.28,12.3,16.18,19.34,11.78,11.72,11.83,27.09,5.18,5.03,14.57,9.9,12.26,16.53,4.93,12.86,17.36,17.14,8.61,6.06,16.66,7.08,9.47,3.36,13.32,4.64,9.13,12.57,2.14,18.37,6.63,10.54,10.58,1.57,7.13,13.24,9.88,17.24,14.21,15.68,14.08,15.93,15.72,12.81,7.4,7.13,10.43,17.17,12.68,9.4,8.07,16.82,13.56,9.13,15.2,3.61,14.9,9.61,9.2,16.69,7.22,18.69,18.88,17.4,15.0,3.82,15.34,3.37,14.06,8.87,12.25,12.89,14.01,15.72,14.47,15.08,9.16,16.7,18.05,16.14,2.97,14.17,24.54,16.92,6.38,9.68,13.21,14.61,12.48,14.46,7.27,6.76,2.99,6.77,10.09,8.0,14.78,6.73,4.53,13.81,11.92,11.48,12.46,9.64,9.27,4.76,14.96,9.27,12.65,7.22,10.99,13.6,11.87,11.09,12.59,11.49,11.83,16.75,8.92,7.13,13.43,3.86,18.53,12.68,13.3,14.34,8.64,18.23,15.21,10.07,6.61,12.68,17.51,5.58,11.93,10.86,15.63,15.2,8.44,13.09,10.83,5.16,1.88,8.88,14.48,16.52,17.46,2.56,16.47,9.42,19.34,17.76,19.1,12.29,9.91,16.02,16.16,8.21,17.24,9.02,18.88,16.93,7.47,12.95,19.79
  40  31,14.09,18.36,6.77,4.28,5.34,18.08,21.02,19.3,11.49,14.76,23.43,13.2,14.3,2.32,2.95,22.93,17.38,22.88,20.56,16.91,15.68,6.54,18.75,15.03,19.09,9.76,17.31,8.24,10.79,4.65,999.0,21.46,14.9,12.55,14.32,22.89,14.76,20.67,23.98,16.31,16.33,16.41,23.35,9.82,0.44,17.86,14.17,15.75,20.89,9.58,17.07,20.79,21.75,12.96,2.23,21.29,11.52,13.77,8.0,17.97,9.27,13.78,16.91,2.69,23.01,3.84,14.71,14.87,3.69,11.46,17.73,14.39,21.66,18.78,20.33,18.33,20.25,20.24,17.45,5.33,11.46,15.04,21.63,17.31,13.09,12.27,21.46,16.29,13.26,18.54,7.67,18.18,14.1,13.72,21.08,11.87,23.24,23.53,22.03,19.65,3.09,19.68,5.3,17.97,12.55,16.55,17.38,18.65,20.24,18.74,19.71,12.43,21.12,22.7,20.29,7.61,18.72,26.45,21.36,2.17,14.29,17.37,18.68,16.0,18.28,11.49,2.2,7.24,10.78,14.57,12.58,19.41,10.42,8.7,18.3,16.41,15.92,16.9,14.15,13.22,0.74,19.48,13.22,15.65,11.87,14.9,18.18,9.86,14.35,15.59,9.85,16.37,21.07,12.6,11.46,16.24,8.18,22.89,17.31,17.73,16.8,4.38,22.83,19.83,13.09,2.62,17.31,21.91,8.08,15.9,15.29,20.09,18.54,12.89,17.44,15.14,9.07,6.46,13.2,19.08,19.78,22.1,2.1,20.7,14.05,23.98,22.4,23.65,16.43,13.73,20.65,20.59,3.92,21.77,12.89,23.46,21.48,2.83,16.47,24.4
  41  32,8.3,3.29,15.4,22.91,16.14,12.53,6.47,5.44,16.83,19.45,4.03,8.43,9.25,23.13,23.0,3.4,16.3,11.05,2.25,5.33,7.31,21.5,3.11,13.96,4.4,12.19,6.52,17.45,13.37,16.94,21.46,999.0,13.64,10.41,15.87,2.58,19.45,9.17,4.72,5.16,5.42,8.2,43.48,12.1,21.88,17.24,7.64,15.76,10.89,12.18,11.74,17.71,2.16,8.62,22.24,5.74,9.95,11.76,13.86,4.81,12.36,8.43,4.97,18.78,3.67,21.84,7.47,11.44,17.8,10.1,9.06,9.98,10.22,2.83,5.0,11.47,11.06,1.22,5.17,21.56,10.1,8.53,1.05,6.52,10.05,12.8,3.82,19.04,8.8,17.26,13.9,17.39,10.29,7.75,10.59,10.15,1.88,4.79,5.63,4.64,19.33,10.87,18.56,13.88,10.41,5.47,9.14,5.58,1.22,11.37,3.17,11.52,10.11,4.23,12.71,14.2,2.81,20.5,1.28,22.75,7.38,5.55,12.96,15.65,14.54,10.2,23.38,14.24,11.12,6.91,8.96,3.19,15.12,12.86,8.93,5.07,5.63,4.67,7.31,13.63,21.68,1.99,13.63,17.8,10.15,13.64,7.69,27.23,16.45,17.77,23.11,8.73,11.28,14.8,10.1,18.75,13.3,11.47,6.52,3.92,20.29,24.75,2.27,2.56,17.09,22.77,6.52,10.65,17.91,13.35,6.26,1.71,17.26,8.59,10.64,11.29,12.74,15.06,8.43,2.99,18.17,3.52,19.37,12.09,7.78,4.72,5.3,2.23,6.23,9.26,2.99,9.9,24.39,0.32,14.02,2.38,0.36,24.24,15.77,3.62
  42  33,6.68,12.4,8.66,18.51,11.58,3.33,9.02,8.55,4.38,5.83,12.91,10.82,14.22,17.21,17.65,12.76,3.57,8.66,11.55,12.92,6.68,19.08,10.69,0.36,9.31,11.86,7.12,7.03,4.51,10.99,14.9,13.64,999.0,13.45,2.27,13.31,5.83,7.18,13.11,10.37,9.17,5.45,32.23,7.46,15.13,4.5,11.52,2.31,6.64,7.91,2.75,6.71,12.41,10.6,16.81,9.7,9.69,2.54,8.34,8.86,8.41,6.91,12.34,13.01,12.67,17.6,12.36,2.26,12.55,10.41,5.02,4.1,7.69,11.19,9.45,3.95,5.94,12.72,8.58,18.35,10.41,5.49,14.48,7.12,13.69,3.13,11.07,5.49,11.96,4.92,11.11,4.79,3.92,9.39,6.94,6.94,14.59,12.52,10.44,9.32,14.81,5.46,9.77,3.08,13.45,12.48,4.79,8.19,12.72,4.36,10.52,14.71,7.18,11.96,5.51,8.63,11.35,29.99,14.45,16.98,8.41,13.88,3.83,2.31,3.48,10.95,17.07,10.71,11.62,10.13,8.55,10.46,4.48,10.81,5.43,10.83,11.09,11.56,9.68,1.72,14.62,12.26,1.72,4.21,6.94,0.01,6.29,15.85,2.84,4.17,22.16,4.91,6.68,2.42,10.41,5.2,10.38,8.53,7.12,12.14,6.74,19.26,13.48,11.09,3.8,17.33,7.12,7.77,7.37,1.01,10.9,13.4,4.92,9.9,3.7,2.37,11.59,10.1,10.82,10.7,6.24,11.82,13.19,6.06,7.83,13.11,10.99,15.03,13.39,13.5,11.05,6.76,18.8,13.8,2.01,14.32,13.4,17.45,2.65,14.6
  43  34,7.38,7.14,8.65,12.95,7.52,14.86,13.2,11.11,13.82,17.74,13.65,3.02,1.75,13.69,13.35,13.02,17.02,17.12,10.52,5.11,8.53,11.18,8.74,13.8,10.22,2.97,9.81,12.38,9.91,8.87,12.55,10.41,13.45,999.0,14.81,12.58,17.74,14.52,14.35,6.12,7.09,10.25,35.8,6.68,13.0,17.95,3.09,15.64,15.72,6.34,13.58,19.94,11.57,3.11,12.7,13.01,3.77,10.94,7.31,9.16,6.03,7.0,5.44,10.0,13.2,11.92,2.97,11.61,9.0,3.07,12.16,9.8,15.84,8.44,11.79,14.32,15.39,9.34,8.78,11.38,3.07,9.03,10.18,9.81,0.54,10.64,12.13,18.3,1.95,18.36,5.27,18.24,9.81,4.69,15.67,6.51,12.28,14.11,13.52,10.95,9.82,14.88,11.78,15.72,0.01,4.94,11.92,10.55,9.34,14.54,10.11,1.41,15.4,13.27,16.46,7.42,8.25,16.88,9.85,13.28,5.94,5.21,15.56,15.71,16.37,2.55,14.08,5.92,2.29,4.63,5.0,9.76,11.51,4.44,12.55,5.88,5.16,5.93,4.7,12.21,12.99,8.62,12.21,17.06,6.51,13.45,11.58,20.7,15.28,17.0,12.72,10.67,16.09,12.79,3.07,18.06,5.2,17.36,9.81,6.53,19.43,15.0,12.39,9.85,15.01,13.18,9.81,16.26,12.74,13.94,4.65,8.75,18.36,3.78,13.06,11.7,3.71,7.24,3.02,9.17,19.67,12.49,10.68,16.34,6.32,14.35,13.6,12.6,4.33,1.25,10.99,14.91,14.71,10.73,12.3,12.75,10.56,15.07,16.09,13.93
  44  35,8.56,14.49,8.73,18.21,11.77,5.05,11.25,10.82,2.93,3.59,15.17,12.4,15.77,16.64,17.19,15.02,3.07,10.45,13.8,14.84,8.78,19.14,12.88,2.0,11.56,12.87,9.35,6.11,5.09,10.91,14.32,15.87,2.27,14.81,999.0,15.58,3.59,9.26,15.36,12.37,11.23,7.67,30.27,8.38,14.49,3.66,13.2,1.44,8.49,8.81,4.84,6.5,14.67,12.16,16.37,11.94,11.05,4.35,8.82,11.07,9.27,8.73,14.3,12.77,14.93,17.38,14.06,4.43,12.47,11.74,7.27,6.11,9.61,13.36,11.71,5.91,7.8,14.92,10.76,18.29,11.74,7.56,16.68,9.35,15.11,4.18,13.33,3.54,13.49,4.29,11.75,3.99,5.86,11.11,8.83,8.37,16.85,14.76,12.67,11.59,14.7,7.39,9.03,4.24,14.81,14.39,7.05,10.45,14.92,6.29,12.77,15.98,9.14,14.21,7.01,9.03,13.52,31.57,16.64,16.47,10.26,15.79,5.33,1.7,4.27,12.27,16.43,11.24,12.8,11.94,10.12,12.69,4.19,11.65,7.66,12.82,13.01,13.55,11.45,2.65,13.94,14.43,2.65,2.26,8.37,2.27,8.56,14.02,0.59,2.2,22.35,7.15,8.47,2.14,11.74,3.28,11.1,10.26,9.35,14.19,4.75,18.69,15.74,13.32,1.74,16.86,9.35,9.63,6.34,2.91,12.76,15.56,4.29,11.47,5.88,4.58,12.49,10.4,12.4,12.9,5.61,14.09,12.83,7.7,9.66,15.36,13.23,17.29,15.23,15.02,13.31,8.76,18.23,16.03,2.51,16.58,15.64,16.68,2.16,16.86
