GAMS 47.5.0  d6b95593 Aug 29, 2024          WEX-WEI x86 64bit/MS Windows - 09/08/24 12:51:54 Page 1
G e n e r a l   A l g e b r a i c   M o d e l i n g   S y s t e m
C o m p i l a t i o n


   1  *Cambia el número de i dependiendo de la cantidad de nodos que tengas en el problema
   2  Set
   3  i /1*200/;
   4  alias (i,j);
   5  *Cambia el nombre del csv que estes usando
   6  Table c(i,j)
INCLUDE    C:\Users\rcorr\Desktop\Development\MA2015.101\reto\dist_matrix1.csv
   9  ,1,2,3,4,5,6,7,8,9,10,11,12,13,14,15,16,17,18,19,20,21,22,23,24,25,26,27,28,29,30,31,32,33,34,35,36,37,38,39,40,41,42,43,44,45,46,47,48,49,50,51,52,53,54,55,56,57,58,59,60,61,62,63,64,65,66,67,68,69,70,71,72,73,74,75,76,77,78,79,80,81,82,83,84,85,86,87,88,89,90,91,92,93,94,95,96,97,98,99,100,101,102,103,104,105,106,107,108,109,110,111,112,113,114,115,116,117,118,119,120,121,122,123,124,125,126,127,128,129,130,131,132,133,134,135,136,137,138,139,140,141,142,143,144,145,146,147,148,149,150,151,152,153,154,155,156,157,158,159,160,161,162,163,164,165,166,167,168,169,170,171,172,173,174,175,176,177,178,179,180,181,182,183,184,185,186,187,188,189,190,191,192,193,194,195,196,197,198,199,200
  10  1,999.0,16.17,13.2,4.38,17.84,18.1,9.94,5.96,9.51,16.25,1.9,9.93,9.7,14.59,11.0,8.42,9.95,12.38,16.69,10.58,17.65,17.57,7.63,9.7,17.0,17.63,12.1,15.46,13.33,11.81,16.02,11.08,7.52,15.48,14.63,4.21,11.77,16.17,3.05,16.03,13.58,28.3,12.86,5.98,7.07,1.51,16.95,17.33,2.84,9.24,12.01,5.34,16.94,14.97,9.26,7.98,12.71,13.99,7.14,7.72,14.75,6.39,14.93,6.25,16.34,2.72,13.02,1.52,2.65,10.72,16.93,11.03,6.9,11.16,14.11,3.86,16.71,11.1,0.01,9.7,16.83,15.04,17.74,2.36,7.42,6.12,4.96,12.38,16.41,6.8,12.38,15.43,7.87,15.06,9.88,12.95,18.61,19.15,17.37,11.12,2.45,14.22,18.34,14.16,7.49,9.9,5.28,7.5,16.45,17.07,16.3,13.73,14.59,13.55,10.76,4.65,9.7,9.37,11.58,6.85,16.03,18.68,13.49,3.54,17.94,10.28,7.97,16.79,18.13,18.27,18.85,12.09,14.2,14.32,12.38,16.82,6.74,17.68,16.5,5.41,17.39,13.83,14.93,16.76,13.99,12.38,9.88,13.07,11.34,14.6,19.32,11.6,17.74,13.46,13.31,15.9,13.42,18.27,13.49,17.75,12.38,5.76,6.18,1.66,17.58,7.87,13.49,11.7,3.38,15.55,13.84,16.21,11.58,18.34,11.0,7.56,8.75,9.1,9.07,8.06,14.51,16.13,14.38,14.93,13.46,3.28,8.1,11.57,14.37,7.05,5.54,12.62,15.15,17.53,6.12,15.33,4.87,8.45,13.2,18.85
  11  2,16.17,999.0,11.46,11.99,3.33,1.93,9.79,11.22,16.66,9.56,14.27,7.1,14.6,2.32,5.17,7.75,6.33,6.28,1.35,5.7,2.27,1.98,8.69,10.11,11.06,10.3,5.78,2.66,27.12,13.72,1.64,5.11,10.56,20.04,18.79,12.34,15.64,6.12,15.36,16.97,17.53,43.41,3.66,22.09,13.24,16.93,10.94,9.87,13.33,6.94,16.23,21.48,3.16,1.2,9.45,8.92,4.13,4.13,9.07,11.7,11.07,21.92,1.26,22.29,3.46,14.25,3.43,15.06,18.8,7.14,0.9,6.06,17.79,6.43,11.57,12.81,10.55,5.34,16.17,22.48,10.25,12.66,3.07,13.94,22.99,10.16,12.05,6.28,18.48,22.82,6.28,16.96,8.5,14.25,13.43,18.29,10.7,3.4,17.87,11.06,13.88,1.95,2.21,2.03,16.09,6.36,21.39,21.62,0.39,5.27,1.41,15.5,4.34,3.47,8.74,12.01,8.02,9.4,5.12,21.66,16.97,11.11,7.41,19.38,1.78,8.35,11.0,0.88,17.39,3.7,4.39,6.43,2.95,5.14,6.28,1.3,17.34,8.47,12.38,21.55,2.56,8.64,1.26,11.76,4.13,6.28,13.43,15.51,4.93,13.59,3.57,5.51,10.52,19.22,10.36,18.99,2.77,3.07,2.75,19.06,6.28,21.89,10.27,17.82,3.88,8.5,2.97,4.48,12.91,10.55,2.81,8.83,13.4,2.18,5.17,8.62,8.33,8.19,7.33,10.22,2.9,0.24,11.17,1.26,19.22,19.38,24.27,4.76,12.23,23.17,11.21,17.82,19.54,3.61,10.16,1.94,18.49,24.45,11.46,4.39
  12  3,13.2,11.46,999.0,9.63,10.28,12.6,3.81,7.7,7.11,4.01,12.02,11.89,5.05,9.19,9.35,9.07,10.22,5.4,12.77,10.25,11.05,11.25,10.52,3.87,4.08,5.08,12.96,8.93,18.59,2.89,12.69,9.84,13.58,8.66,7.45,9.49,4.84,6.47,10.51,5.6,6.28,34.97,11.17,18.42,6.31,12.86,4.07,4.96,11.5,9.6,5.37,17.07,9.49,10.74,14.03,11.86,7.91,7.33,9.01,14.94,1.7,19.46,10.96,18.85,8.75,10.49,11.07,11.68,14.97,5.59,11.54,11.95,9.93,12.64,0.91,12.45,3.96,8.03,13.2,22.66,4.24,2.0,10.4,12.28,20.43,10.72,8.54,5.4,7.04,19.38,5.4,5.51,10.69,3.01,4.04,7.3,6.01,12.23,6.66,2.11,12.31,10.42,13.17,10.63,7.85,10.13,16.87,20.67,11.85,7.9,12.66,4.09,7.18,8.21,3.85,12.18,5.67,14.1,11.36,20.05,5.6,5.93,4.06,16.61,12.45,4.67,14.47,11.34,6.56,10.48,10.61,5.38,8.57,6.37,5.4,12.75,9.56,6.18,3.3,17.13,10.45,2.95,10.96,3.63,7.33,5.4,4.04,4.23,8.63,2.31,12.31,12.0,5.11,8.2,1.12,7.53,9.79,11.1,9.58,7.76,5.4,17.34,11.25,14.38,9.52,10.69,9.02,9.79,11.78,2.75,8.93,4.45,2.75,12.87,9.35,9.83,6.6,6.25,7.9,13.72,8.56,11.25,1.28,10.96,8.2,15.23,19.72,10.5,1.29,19.34,12.09,6.88,8.18,9.7,10.72,9.54,12.13,20.92,0.01,10.61
  13  4,4.38,11.99,9.63,999.0,13.48,13.9,5.99,1.93,8.31,12.2,2.65,6.54,7.51,10.27,6.85,4.28,6.05,8.03,12.64,6.64,13.34,13.28,4.0,5.83,13.1,13.6,8.7,11.11,15.89,8.98,12.03,7.02,5.56,14.07,12.99,0.49,9.62,11.83,3.59,13.53,11.74,31.73,8.92,10.35,4.54,4.95,13.05,13.26,1.92,5.22,10.03,9.55,12.57,10.79,6.94,4.93,8.36,9.61,2.94,6.52,11.0,10.69,10.78,10.64,11.96,2.3,9.05,3.1,6.9,6.37,12.7,7.49,7.29,7.82,10.51,2.92,12.76,6.78,4.38,13.12,12.84,11.59,13.39,2.72,11.74,2.76,1.24,8.03,14.28,11.19,8.03,13.03,4.29,11.97,7.17,11.55,14.56,14.85,14.88,7.53,2.73,10.05,14.19,10.02,6.59,5.98,9.45,11.32,12.3,12.69,12.27,11.19,10.2,9.2,6.62,2.93,5.37,7.05,7.82,10.91,13.53,14.68,9.24,7.88,13.74,6.05,6.36,12.55,15.38,13.9,14.47,7.74,9.86,9.94,8.03,12.76,6.9,13.46,12.86,9.62,13.06,9.73,10.78,12.99,9.61,8.03,7.17,10.64,7.08,11.41,15.01,8.0,13.73,12.29,9.5,14.04,9.22,13.93,9.26,15.52,8.03,9.95,3.15,5.98,13.2,4.29,9.21,7.6,2.17,11.67,9.53,12.07,8.67,14.16,6.85,3.66,4.38,4.74,4.74,5.98,10.17,11.93,10.67,10.78,12.29,7.45,12.37,7.61,10.89,11.42,3.33,11.12,13.65,13.16,2.76,11.01,6.89,12.83,9.63,14.47
  14  5,17.84,3.33,10.28,13.48,999.0,2.93,9.77,12.3,16.49,7.42,15.99,9.8,14.33,3.39,7.22,9.57,8.64,6.11,4.38,8.07,1.22,1.57,10.84,10.11,8.79,7.8,8.87,2.37,27.57,12.94,4.92,7.37,13.2,18.92,17.72,13.74,14.93,3.95,16.5,15.43,16.56,44.02,6.52,23.82,13.63,18.37,8.68,7.42,15.08,8.99,15.5,23.01,0.93,3.94,12.32,11.38,5.13,3.98,10.75,14.46,9.43,23.92,4.18,24.08,1.67,15.59,6.27,16.56,20.38,7.55,2.61,8.89,18.23,9.38,10.13,14.87,8.33,6.77,17.84,25.03,7.97,11.01,0.27,15.78,24.99,12.18,13.24,6.11,17.0,24.62,6.11,15.54,10.72,12.7,13.12,17.52,7.99,1.95,16.14,10.5,15.74,4.5,3.52,4.73,16.33,8.63,22.89,23.93,3.48,2.63,4.62,14.35,3.58,4.29,8.62,14.13,8.59,12.3,7.9,23.84,15.43,8.43,6.38,21.24,2.85,8.53,13.76,2.51,15.46,0.45,1.15,6.37,3.65,4.23,6.11,4.24,17.78,5.8,10.34,23.07,0.77,7.33,4.18,9.61,3.98,6.11,13.12,14.5,6.64,12.1,2.04,8.42,8.01,18.44,9.16,17.68,4.95,0.84,4.77,17.38,6.11,23.4,12.41,19.46,0.83,10.72,4.53,6.73,14.8,8.66,4.12,6.67,12.67,3.12,7.22,10.59,9.27,9.01,8.77,12.93,3.33,3.13,9.65,4.18,18.44,20.91,25.83,7.28,10.74,24.89,13.43,17.07,18.44,0.6,12.18,2.69,19.4,26.26,10.28,1.15
  15  6,18.1,1.93,12.6,13.9,2.93,999.0,11.35,13.08,18.23,10.17,16.2,8.96,16.13,3.89,7.1,9.68,8.26,7.73,2.01,7.63,1.75,1.44,10.62,11.69,11.6,10.67,7.47,3.7,28.89,15.05,2.78,7.05,12.42,21.25,20.02,14.24,17.01,6.64,17.23,17.97,18.8,45.22,5.53,24.02,14.96,18.85,11.49,10.28,15.26,8.88,17.59,23.4,3.32,3.13,11.22,10.82,5.85,5.46,10.99,13.51,11.98,23.85,3.19,24.22,3.95,16.15,5.31,16.98,20.72,8.79,1.23,7.89,19.54,8.2,12.59,14.74,11.11,7.2,18.1,24.32,10.78,13.58,2.68,15.87,24.91,12.09,13.92,7.73,19.52,24.75,7.73,18.02,10.43,15.23,14.94,19.65,10.9,1.9,18.77,12.45,15.81,3.88,0.6,3.96,17.78,8.29,23.32,23.52,1.7,5.47,2.41,16.68,5.44,5.09,10.26,13.94,9.73,11.17,6.99,23.57,17.97,11.34,8.55,21.32,0.17,9.96,12.81,1.41,18.17,3.1,3.63,7.91,4.48,6.23,7.73,1.83,19.08,8.7,13.08,23.47,2.36,9.68,3.19,12.38,5.46,7.73,14.94,16.76,6.83,14.6,2.04,7.32,10.89,20.58,11.48,20.11,4.68,2.24,4.64,20.0,7.73,23.82,12.2,19.75,3.73,10.43,4.77,6.41,14.84,11.31,4.53,9.41,14.75,0.28,7.1,10.56,10.13,9.97,9.21,12.05,4.32,1.97,12.14,3.19,20.58,21.31,26.2,6.68,13.23,25.1,13.13,19.18,20.76,3.45,12.09,3.27,20.34,26.38,12.6,3.63
  16  7,9.94,9.79,3.81,5.99,9.77,11.35,999.0,4.09,6.88,6.31,8.53,8.4,4.82,7.51,6.28,5.42,6.83,3.68,10.93,6.99,10.14,10.24,6.78,0.35,7.12,7.69,9.78,7.75,17.81,4.46,10.64,6.74,9.8,10.8,9.55,5.93,6.11,6.84,7.63,8.77,8.21,34.27,8.42,15.56,3.96,9.88,7.07,7.39,7.9,6.08,6.69,14.39,8.85,8.8,10.35,8.13,5.7,5.94,5.21,11.14,5.03,16.32,8.94,15.93,8.1,7.25,8.38,8.43,12.02,2.71,10.15,8.66,8.5,9.31,4.63,8.71,6.8,5.12,9.94,19.11,6.91,5.81,9.79,8.7,17.33,6.91,5.03,3.68,9.95,16.49,3.68,8.47,6.96,6.58,3.68,8.72,8.67,11.57,10.02,1.94,8.72,8.26,11.84,8.4,6.56,6.73,14.22,17.25,10.18,8.07,10.71,6.67,6.19,6.32,1.15,8.39,2.21,10.43,8.25,16.74,8.77,8.75,3.87,13.45,11.19,1.47,10.69,9.96,10.17,10.1,10.47,3.46,6.89,5.56,3.68,10.97,8.05,7.88,6.92,14.45,9.65,3.93,8.94,7.01,5.94,3.68,3.68,6.4,5.74,5.93,11.7,8.82,7.81,9.65,3.52,10.12,7.47,10.47,7.33,10.95,3.68,14.72,7.44,11.3,9.2,6.96,6.91,6.88,8.1,5.68,6.99,6.3,4.1,11.64,6.28,6.08,2.91,2.62,4.36,9.97,7.04,9.63,4.73,8.94,9.65,12.4,17.17,7.47,5.1,16.55,8.28,8.24,10.31,9.27,6.91,8.09,9.99,18.09,3.81,10.47
  17  8,5.96,11.22,7.7,1.93,12.3,13.08,4.09,999.0,7.12,10.35,4.45,6.89,5.96,9.28,6.32,4.02,5.92,6.51,12.05,6.42,12.31,12.3,4.47,3.91,11.21,11.75,8.88,9.98,16.03,7.17,11.52,6.61,6.83,12.6,11.47,1.84,8.0,10.25,4.21,11.75,10.18,32.2,8.57,11.8,3.12,6.17,11.16,11.42,3.82,5.02,8.46,10.81,11.37,10.05,7.93,5.7,7.31,8.33,2.87,7.98,9.08,12.35,10.09,12.13,10.71,3.39,8.65,4.5,8.27,4.87,11.85,7.64,6.9,8.11,8.58,4.79,10.88,5.89,5.96,15.03,10.97,9.67,12.24,4.62,13.39,3.76,1.01,6.51,12.58,12.68,6.51,11.28,4.76,10.09,5.44,10.14,12.72,13.82,13.09,5.6,4.64,9.34,13.43,9.37,5.69,5.84,10.67,13.17,11.57,11.23,11.71,9.42,8.86,8.13,4.81,4.65,3.81,8.03,7.72,12.69,11.75,12.82,7.53,9.5,12.91,4.32,7.7,11.68,13.53,12.7,13.22,6.22,8.79,8.49,6.51,12.14,6.46,11.72,10.94,10.87,11.96,7.91,10.09,11.08,8.33,6.51,5.44,8.91,6.32,9.51,13.98,8.06,11.87,10.94,7.58,12.42,8.49,12.83,8.47,13.79,6.51,11.18,4.28,7.44,11.93,4.76,8.3,7.09,4.09,9.77,8.58,10.27,6.85,13.35,6.32,3.88,3.02,3.3,3.93,7.16,9.07,11.14,8.75,10.09,10.94,8.73,13.63,7.3,8.96,12.83,4.81,9.68,12.16,11.92,3.76,10.0,7.27,14.31,7.7,13.22
  18  9,9.51,16.66,7.11,8.31,16.49,18.23,6.88,7.12,999.0,11.13,9.35,13.91,2.18,14.38,12.65,10.87,12.7,10.52,17.77,13.08,16.97,17.09,11.58,6.55,11.04,12.16,15.76,14.6,11.48,4.32,17.43,13.05,13.82,5.99,5.12,7.87,2.93,13.11,6.49,7.05,4.17,27.9,14.92,13.1,4.02,8.44,11.05,12.07,9.42,11.81,2.86,11.49,15.6,15.63,15.04,12.83,12.54,12.79,9.92,14.83,8.74,14.7,15.76,13.59,14.84,7.42,14.93,8.29,10.14,9.53,17.03,14.53,3.44,15.07,7.83,10.97,11.02,11.72,9.51,19.06,11.32,8.06,16.55,9.95,15.49,10.82,7.15,10.52,7.06,14.07,10.52,6.37,11.86,7.17,3.38,3.45,13.03,18.36,8.29,6.05,10.02,15.06,18.72,15.18,2.01,12.61,11.25,16.64,17.04,14.48,17.53,5.08,12.97,13.19,7.98,11.19,8.75,15.14,14.41,15.72,7.05,12.89,10.19,12.13,18.06,8.31,14.65,16.83,9.31,16.79,17.08,10.32,13.77,12.27,10.52,17.82,3.26,13.26,9.76,11.53,16.45,9.57,15.76,10.38,12.79,10.52,3.38,4.36,12.3,7.06,18.48,14.86,12.15,4.05,7.98,6.43,14.24,17.24,14.13,8.43,10.52,11.64,11.31,9.97,15.86,11.86,13.74,13.35,10.08,9.84,13.85,11.52,4.38,18.51,12.65,10.96,8.83,8.79,10.3,14.21,13.91,16.5,8.33,15.76,4.05,10.13,13.78,13.79,7.65,13.81,11.63,3.12,5.65,15.96,10.82,14.96,6.2,15.39,7.11,17.08
  19  10,16.25,9.56,4.01,12.2,7.42,10.17,6.31,10.35,11.13,999.0,14.8,12.41,9.04,7.63,9.44,10.23,10.7,5.17,10.91,10.49,8.44,8.73,11.82,6.56,1.51,1.4,12.81,6.91,22.61,6.88,11.07,9.88,14.91,11.97,10.85,12.19,8.76,3.52,13.86,8.17,9.87,38.98,10.58,21.83,9.85,16.16,1.4,1.08,14.12,10.38,9.25,20.59,6.85,9.23,14.89,13.0,7.21,5.92,10.68,16.32,2.49,22.63,9.49,22.21,6.25,13.56,10.4,14.74,18.3,6.41,9.35,12.1,13.85,12.78,3.39,14.72,0.99,8.14,16.25,25.28,0.78,3.84,7.61,14.92,23.64,12.49,11.32,5.17,9.77,22.76,5.17,8.39,11.89,5.52,7.96,11.05,2.36,9.31,8.76,5.53,14.92,9.18,10.77,9.44,11.76,10.63,20.4,23.51,9.91,4.79,10.93,7.54,5.4,7.08,5.58,14.26,7.1,14.93,11.27,23.04,8.17,2.5,3.34,19.77,10.05,6.22,15.73,9.16,8.04,7.48,7.41,5.35,7.13,4.71,5.17,10.84,13.45,2.23,2.93,20.65,7.82,2.47,9.49,2.22,5.92,5.17,7.96,7.9,8.58,5.04,9.36,11.95,1.55,11.9,3.25,10.56,8.83,8.25,8.58,10.02,5.17,20.89,12.96,17.61,6.59,11.89,7.98,9.58,14.22,1.42,7.71,0.75,6.76,10.41,9.44,11.21,8.2,7.8,8.98,14.91,6.97,9.33,2.86,9.49,11.9,18.65,23.32,10.36,3.81,22.8,13.94,10.67,11.51,6.83,12.49,7.67,15.87,24.35,4.01,7.41
  20  11,1.9,14.27,12.02,2.65,15.99,16.2,8.53,4.45,9.35,14.8,999.0,8.08,9.12,12.72,9.1,6.53,8.05,10.68,14.79,8.68,15.78,15.7,5.74,8.33,15.65,16.19,10.26,13.62,14.78,10.98,14.13,9.18,5.92,15.33,14.37,2.61,11.24,14.47,3.08,15.39,13.22,30.07,10.96,7.84,6.25,2.99,15.59,15.87,0.94,7.34,11.56,7.24,15.1,13.07,7.61,6.16,10.86,12.18,5.26,6.35,13.47,8.04,13.03,8.09,14.52,1.93,11.12,1.36,4.55,9.02,15.04,9.16,7.33,9.33,12.92,2.22,15.32,9.24,1.9,10.65,15.42,13.93,15.89,0.7,9.1,4.23,3.5,10.68,15.94,8.63,10.68,14.83,5.99,14.13,9.07,12.78,17.16,17.28,16.74,9.91,0.8,12.32,16.44,12.26,7.39,8.0,7.17,8.72,14.55,15.32,14.4,13.06,12.8,11.7,9.24,2.92,8.02,7.73,9.7,8.27,15.39,17.27,11.89,5.26,16.04,8.69,6.48,14.9,17.38,16.43,17.02,10.39,12.35,12.57,10.68,14.92,7.06,16.11,15.3,7.3,15.53,12.34,13.03,15.48,12.18,10.68,9.07,12.43,9.46,13.62,17.44,9.73,16.32,13.4,11.99,15.55,11.53,16.41,11.6,17.25,10.68,7.66,4.32,3.56,15.76,5.99,11.61,9.8,1.55,14.2,11.97,14.69,10.71,16.45,9.1,5.66,7.02,7.39,7.22,6.45,12.66,14.24,13.13,13.03,13.4,5.17,10.0,9.67,13.24,8.92,3.78,12.4,14.96,15.7,4.23,13.46,5.92,10.27,12.02,17.02
  21  12,9.93,7.1,11.89,6.54,9.8,8.96,8.4,6.89,13.91,12.41,8.08,999.0,12.41,6.5,3.03,3.1,1.72,7.25,7.21,1.96,9.14,8.93,2.54,8.53,13.79,13.67,2.19,7.66,22.42,12.8,6.45,2.66,3.46,18.95,17.74,7.01,14.2,10.21,10.11,17.17,16.4,38.1,3.44,15.55,9.9,11.02,13.7,13.23,7.17,2.32,14.74,15.22,9.12,6.03,2.61,1.98,5.51,7.13,4.02,4.66,12.51,15.1,5.88,15.68,8.83,8.75,3.67,9.18,12.56,6.36,7.99,1.14,13.68,1.28,12.5,6.17,13.3,4.27,9.93,15.38,13.19,13.77,9.61,7.57,16.15,3.91,7.23,7.25,18.34,16.19,7.25,16.87,2.25,14.86,11.56,16.64,14.46,10.47,18.4,10.33,7.49,5.35,9.04,5.17,12.58,1.8,15.18,14.57,7.27,10.34,6.78,15.06,7.86,6.06,8.05,5.35,6.26,2.62,1.98,14.69,17.17,14.75,9.1,12.76,8.83,7.24,3.96,7.91,18.45,10.25,10.95,7.09,6.48,8.16,7.25,7.37,13.26,12.58,14.37,15.29,9.13,10.25,5.88,14.11,7.13,7.25,11.56,14.74,3.88,14.17,10.64,1.73,13.87,17.51,11.15,18.45,4.85,9.9,5.06,19.35,7.25,15.66,3.76,11.55,9.92,2.25,5.43,3.19,6.55,12.63,5.85,11.91,12.44,9.15,3.03,3.02,5.53,5.78,4.05,3.14,6.82,7.16,12.37,5.88,17.51,13.21,17.89,2.53,13.11,16.63,4.46,16.16,18.48,9.76,3.91,7.13,13.41,17.78,11.89,10.95
  22  13,9.7,14.6,5.05,7.51,14.33,16.13,4.82,5.96,2.18,9.04,9.12,12.41,999.0,12.31,10.84,9.32,11.07,8.4,15.75,11.38,14.83,14.96,10.24,4.51,9.06,10.13,14.12,12.48,13.62,2.47,15.45,11.27,12.79,6.65,5.52,7.14,2.14,10.93,6.68,6.33,4.24,30.06,13.08,14.11,2.97,8.92,9.07,10.01,8.96,10.2,2.52,12.6,13.44,13.61,13.82,11.56,10.52,10.67,8.54,13.92,6.72,15.48,13.76,14.57,12.68,7.24,13.07,8.31,10.86,7.52,14.94,12.92,4.96,13.5,5.83,10.37,9.0,9.82,9.7,19.41,9.29,6.24,14.39,9.61,16.35,9.72,6.27,8.4,6.84,15.08,8.4,5.74,10.5,5.67,1.21,4.24,11.04,16.21,7.67,3.87,9.68,13.07,16.63,13.21,2.93,10.97,12.38,17.13,14.99,12.3,15.53,4.04,10.83,11.13,5.87,10.44,6.83,13.91,12.69,16.32,6.33,10.93,8.02,12.74,15.96,6.28,13.65,14.74,8.44,14.62,14.9,8.22,11.69,10.11,8.4,15.79,4.62,11.14,7.92,12.65,14.31,7.4,13.76,8.48,10.67,8.4,1.21,3.36,10.42,5.4,16.32,13.19,10.14,5.1,5.84,6.53,12.27,15.08,12.14,8.13,8.4,12.81,10.24,10.5,13.69,10.5,11.72,11.52,9.52,7.8,11.81,9.39,2.42,16.41,10.84,9.57,7.08,6.97,8.59,13.11,11.82,14.44,6.3,13.76,5.1,10.98,15.1,12.01,5.74,14.92,10.73,3.76,6.21,13.8,9.72,12.87,7.4,16.52,5.05,14.9
  23  14,14.59,2.32,9.19,10.27,3.39,3.89,7.51,9.28,14.38,7.63,12.72,6.5,12.31,999.0,3.84,6.23,5.25,3.97,3.58,4.7,3.07,3.02,7.46,7.83,9.14,8.54,5.9,1.18,25.01,11.41,3.54,3.99,9.85,17.73,16.48,10.57,13.32,4.44,13.48,14.73,15.21,41.36,3.46,20.56,11.07,15.21,9.03,8.1,11.79,5.61,13.91,19.83,2.63,1.61,9.07,8.01,1.98,1.86,7.46,11.14,8.9,20.59,1.87,20.8,2.36,12.47,3.22,13.37,17.17,4.91,2.67,5.68,15.65,6.24,9.34,11.51,8.62,3.49,14.59,21.65,8.36,10.47,3.24,12.47,21.66,8.82,10.17,3.97,16.22,21.34,3.97,14.69,7.33,12.02,11.13,15.97,9.08,4.58,15.67,8.74,12.42,1.62,4.34,1.89,13.89,5.25,19.72,20.55,2.71,4.06,3.48,13.21,2.23,1.2,6.44,10.76,5.84,9.06,4.69,20.47,14.73,9.47,5.16,17.94,3.72,6.08,10.44,2.48,15.26,3.84,4.51,4.11,0.63,2.98,3.97,3.58,15.19,6.92,10.33,19.89,2.83,6.43,1.87,9.77,1.86,3.97,11.13,13.2,3.28,11.35,4.74,5.28,8.76,16.91,8.1,16.7,1.67,3.69,1.45,16.85,3.97,20.23,9.03,16.22,3.43,7.33,1.14,3.37,11.47,8.47,0.75,6.93,11.09,4.17,3.84,7.23,6.29,6.1,5.54,9.61,0.66,2.13,8.97,1.87,16.91,17.72,22.64,3.97,10.01,21.64,10.04,15.5,17.24,3.27,8.82,0.74,16.52,22.98,9.19,4.51
  24  15,11.0,5.17,9.35,6.85,7.22,7.1,6.28,6.32,12.65,9.44,9.1,3.03,10.84,3.84,999.0,2.59,1.47,4.33,5.8,1.07,6.79,6.67,3.63,6.5,10.86,10.67,3.6,4.92,22.35,10.73,5.22,0.48,6.12,17.08,15.83,7.23,12.37,7.2,10.31,14.84,14.49,38.47,2.29,16.92,8.83,11.78,10.76,10.23,8.16,1.8,12.94,16.31,6.44,3.97,5.62,4.22,2.5,4.13,3.91,7.47,9.76,16.83,3.94,17.14,6.03,9.14,2.34,9.9,13.63,3.78,5.94,2.68,13.16,3.37,9.86,7.72,10.36,1.35,11.0,17.82,10.22,11.12,7.07,8.78,17.9,5.04,7.04,4.33,16.13,17.67,4.33,14.62,3.5,12.36,9.82,14.95,11.44,8.26,15.99,8.08,8.72,3.22,7.35,3.17,11.69,1.44,16.23,16.72,5.46,7.4,5.43,12.88,4.87,3.14,5.63,6.95,4.08,5.64,2.01,16.66,14.84,11.74,6.18,14.24,6.94,4.9,6.79,5.81,15.9,7.67,8.34,4.21,3.66,5.13,4.33,5.91,12.71,9.55,11.56,16.38,6.65,7.38,3.94,11.23,4.13,4.33,9.82,12.67,0.86,11.66,8.43,2.65,10.88,15.86,8.49,16.37,2.44,7.49,2.54,17.02,4.33,16.72,5.22,12.65,7.2,3.5,2.7,0.76,7.76,9.77,3.11,8.92,10.37,7.35,0.01,3.47,3.82,3.87,2.43,5.94,4.01,5.14,9.66,3.94,15.86,14.22,19.1,1.19,10.49,18.01,6.21,14.46,16.59,7.07,5.04,4.55,13.52,19.3,9.35,8.34
  25  16,8.42,7.75,9.07,4.28,9.57,9.68,5.42,4.02,10.87,10.23,6.53,3.1,9.32,6.23,2.59,999.0,1.91,5.18,8.36,2.42,9.27,9.18,1.6,5.51,11.48,11.58,4.91,7.21,19.96,9.75,7.75,2.74,4.69,15.86,14.64,4.67,11.11,8.76,7.79,14.18,13.31,35.97,4.66,14.37,6.88,9.2,11.4,11.17,5.59,1.0,11.65,13.72,8.72,6.55,4.96,2.82,4.5,6.0,1.34,6.1,9.91,14.36,6.52,14.59,8.21,6.58,4.78,7.32,11.04,3.84,8.51,3.67,10.92,4.2,9.76,5.3,11.03,2.84,8.42,15.72,10.98,11.02,9.45,6.24,15.43,2.64,4.59,5.18,15.31,15.13,5.18,13.85,1.67,11.97,8.47,13.54,12.46,10.76,15.44,7.36,6.19,5.81,9.94,5.76,9.65,1.82,13.64,14.42,8.05,9.3,7.99,12.02,6.69,5.3,5.24,4.6,3.41,5.03,3.7,14.28,14.18,12.69,6.91,11.71,9.52,4.42,5.53,8.37,15.57,10.02,10.65,4.94,5.92,6.69,5.18,8.48,10.48,10.86,11.82,13.79,9.06,7.87,6.52,11.67,6.0,5.18,8.47,11.68,2.95,11.3,10.93,4.05,11.76,14.42,8.46,15.38,5.0,9.93,5.07,16.35,5.18,14.14,2.96,10.07,9.43,1.67,5.11,3.32,5.24,10.2,5.48,9.86,9.39,9.93,2.59,1.07,2.51,2.83,1.26,4.73,6.25,7.71,9.71,6.52,14.42,11.63,16.52,3.35,10.33,15.45,4.0,13.06,15.38,9.34,2.64,6.97,11.05,16.77,9.07,10.65
  26  17,9.95,6.33,10.22,6.05,8.64,8.26,6.83,5.92,12.7,10.7,8.05,1.72,11.07,5.25,1.47,1.91,999.0,5.54,6.75,0.63,8.13,7.98,2.36,6.99,12.08,11.98,3.06,6.37,21.84,11.27,6.07,1.27,4.65,17.51,16.28,6.47,12.76,8.63,9.61,15.56,14.93,37.78,2.91,15.8,8.75,10.86,11.98,11.55,7.11,0.91,13.31,15.29,7.88,5.16,4.22,2.76,3.96,5.59,3.17,6.0,10.8,15.59,5.07,15.99,7.49,8.34,3.07,8.98,12.6,4.66,7.16,1.86,12.82,2.48,10.81,6.48,11.59,2.59,9.95,16.39,11.48,12.08,8.47,7.66,16.65,3.86,6.47,5.54,16.78,16.51,5.54,15.29,2.17,13.2,10.14,15.26,12.78,9.56,16.77,8.72,7.6,4.42,8.45,4.31,11.54,0.1,15.22,15.36,6.57,8.87,6.34,13.5,6.33,4.61,6.39,5.68,4.64,4.24,1.8,15.35,15.56,13.07,7.39,13.07,8.11,5.59,5.32,7.05,16.78,9.09,9.76,5.37,5.12,6.55,5.54,6.88,12.39,10.95,12.66,15.36,8.03,8.53,5.07,12.4,5.59,5.54,10.14,13.21,2.27,12.51,9.73,2.16,12.18,16.15,9.45,16.93,3.74,8.85,3.88,17.75,5.54,15.71,3.94,11.61,8.65,2.17,4.12,1.92,6.62,10.92,4.54,10.22,10.9,8.49,1.47,2.42,4.03,4.23,2.5,4.47,5.47,6.34,10.67,5.07,16.15,13.22,18.04,1.62,11.42,16.89,4.89,14.78,17.03,8.51,3.86,5.95,12.89,18.14,10.22,9.76
  27  18,12.38,6.28,5.4,8.03,6.11,7.73,3.68,6.51,10.52,5.17,10.68,7.25,8.4,3.97,4.33,5.18,5.54,999.0,7.52,5.36,6.47,6.57,6.77,4.02,6.55,6.47,7.84,4.08,21.46,7.45,7.36,4.79,9.81,13.8,12.55,8.18,9.35,3.8,10.63,10.99,11.26,37.9,5.84,18.29,7.52,12.68,6.45,6.04,9.86,5.23,9.94,17.31,5.19,5.43,9.73,7.88,2.51,2.27,5.87,11.22,5.5,18.71,5.62,18.61,4.45,9.9,5.71,10.98,14.77,1.66,6.55,7.01,12.12,7.7,5.73,10.11,6.06,2.99,12.38,20.71,5.95,6.96,6.13,10.63,19.77,7.64,7.51,0.01,12.42,19.16,0.01,10.89,6.81,8.36,7.21,12.01,7.31,7.9,12.04,4.77,10.61,5.04,8.24,5.24,10.23,5.47,17.17,19.19,6.68,4.72,7.37,9.32,2.53,2.87,2.55,9.53,2.7,9.76,6.25,18.88,10.99,7.57,1.86,15.91,7.56,2.42,10.61,6.35,11.79,6.47,6.89,0.29,3.34,2.0,0.01,7.53,11.66,5.7,7.25,17.38,5.97,3.07,5.62,6.91,2.27,0.01,7.21,9.27,3.49,7.67,8.02,6.93,6.66,12.94,4.39,12.83,4.39,6.79,4.18,13.15,0.01,17.68,8.06,13.93,5.6,6.81,3.64,4.59,9.77,5.44,3.59,4.72,7.12,8.01,4.33,6.22,3.65,3.29,3.96,9.78,3.43,6.1,5.46,5.62,12.94,15.24,20.13,5.35,6.39,19.34,9.08,11.53,13.3,5.65,7.64,4.47,13.37,20.8,5.4,6.89
  28  19,16.69,1.35,12.77,12.64,4.38,2.01,10.93,12.05,17.77,10.91,14.79,7.21,15.75,3.58,5.8,8.36,6.75,7.52,999.0,6.11,3.19,2.85,9.1,11.24,12.4,11.63,5.55,4.01,28.04,14.97,0.79,5.63,10.62,21.31,20.06,13.02,16.86,7.46,16.1,18.3,18.79,44.24,3.87,22.54,14.24,17.55,12.29,11.2,13.85,7.47,17.45,22.03,4.38,2.14,9.33,9.13,5.23,5.43,9.7,11.65,12.41,22.25,2.01,22.72,4.77,14.93,3.68,15.67,19.34,8.25,1.78,6.09,18.75,6.33,12.9,13.18,11.89,6.23,16.69,22.48,11.59,14.0,4.11,14.41,23.31,10.6,12.82,7.52,19.79,23.24,7.52,18.27,8.88,15.58,14.6,19.52,12.0,3.87,19.21,12.29,14.34,2.74,1.89,2.69,17.11,6.79,21.96,21.78,1.01,6.55,0.43,16.79,5.68,4.66,9.92,12.36,9.06,9.27,5.27,21.89,18.3,12.42,8.73,19.8,1.94,9.47,10.95,1.9,18.74,4.68,5.32,7.64,4.21,6.48,7.52,0.18,18.29,9.77,13.73,22.09,3.64,9.97,2.01,13.11,5.43,7.52,14.6,16.78,5.74,14.91,4.03,5.5,11.85,20.45,11.67,20.29,3.6,3.92,3.67,20.4,7.52,22.45,10.65,18.35,5.03,8.88,4.03,5.05,13.37,11.89,3.96,10.17,14.64,2.11,5.8,9.14,9.25,9.16,8.12,10.22,4.2,1.58,12.51,2.01,20.45,19.95,24.79,5.13,13.56,23.63,11.53,19.04,20.81,4.76,10.6,3.28,19.3,24.85,12.77,5.32
  29  20,10.58,5.7,10.25,6.64,8.07,7.63,6.99,6.42,13.08,10.49,8.68,1.96,11.38,4.7,1.07,2.42,0.63,5.36,6.11,999.0,7.53,7.37,3.0,7.18,11.9,11.74,2.79,5.84,22.38,11.45,5.45,0.72,5.16,17.74,16.51,7.06,13.01,8.26,10.19,15.67,15.17,38.37,2.29,16.44,9.16,11.48,11.8,11.3,7.74,1.43,13.57,15.92,7.33,4.54,4.56,3.32,3.56,5.18,3.73,6.47,10.74,16.22,4.44,16.62,6.98,8.94,2.44,9.6,13.23,4.66,6.54,1.71,13.32,2.39,10.79,7.11,11.41,2.36,10.58,16.97,11.28,12.06,7.9,8.29,17.28,4.49,7.01,5.36,16.92,17.15,5.36,15.42,2.8,13.25,10.41,15.54,12.51,8.95,16.85,8.86,8.23,3.8,7.81,3.68,11.97,0.68,15.85,15.97,5.94,8.42,5.71,13.65,5.91,4.14,6.46,6.31,4.78,4.57,1.33,15.97,15.67,12.81,7.22,13.71,7.48,5.68,5.79,6.43,16.81,8.52,9.2,5.22,4.61,6.2,5.36,6.25,12.88,10.62,12.56,15.98,7.45,8.4,4.44,12.26,5.18,5.36,10.41,13.4,1.93,12.55,9.12,1.83,11.94,16.44,9.43,17.11,3.14,8.26,3.3,17.86,5.36,16.34,4.57,12.24,8.12,2.8,3.59,1.34,7.26,10.79,4.01,9.98,11.09,7.86,1.07,3.04,4.3,4.45,2.79,4.94,4.95,5.71,10.63,4.44,16.44,13.84,18.67,0.99,11.42,17.52,5.51,15.06,17.26,7.97,4.49,5.38,13.46,18.77,10.25,9.2
  30  21,17.65,2.27,11.05,13.34,1.22,1.75,10.14,12.31,16.97,8.44,15.78,9.14,14.83,3.07,6.79,9.27,8.13,6.47,3.19,7.53,999.0,0.35,10.42,10.48,9.86,8.92,8.0,2.4,27.87,13.6,3.78,6.86,12.58,19.71,18.49,13.64,15.58,4.93,16.51,16.33,17.29,44.27,5.75,23.62,13.9,18.28,9.75,8.53,14.85,8.6,16.16,22.89,1.61,3.12,11.58,10.83,5.01,4.21,10.52,13.79,10.33,23.62,3.31,23.86,2.3,15.53,5.5,16.44,20.23,7.73,1.45,8.15,18.51,8.59,10.98,14.51,9.38,6.56,17.65,24.48,9.04,11.92,0.95,15.52,24.69,11.83,13.22,6.47,17.89,24.4,6.47,16.41,10.27,13.59,13.63,18.2,9.15,1.51,17.1,11.07,15.47,3.79,2.35,3.97,16.67,8.14,22.79,23.49,2.35,3.72,3.47,15.13,4.01,4.18,9.01,13.74,8.74,11.55,7.18,23.45,16.33,9.59,7.04,20.99,1.66,8.82,13.08,1.4,16.47,1.49,2.14,6.69,3.52,4.76,6.47,3.05,18.05,6.95,11.36,22.96,0.62,8.1,3.31,10.66,4.21,6.47,13.63,15.24,6.33,12.97,1.67,7.64,9.14,19.12,9.92,18.52,4.39,0.8,4.26,18.33,6.47,23.29,12.01,19.29,1.98,10.27,4.17,6.21,14.51,9.62,3.81,7.69,13.31,1.97,6.79,10.24,9.3,9.08,8.6,12.28,3.25,2.12,10.51,3.31,19.12,20.79,25.71,6.67,11.61,24.7,13.0,17.74,19.22,1.71,11.83,2.33,19.51,26.04,11.05,2.14
  31  22,17.57,1.98,11.25,13.28,1.57,1.44,10.24,12.3,17.09,8.73,15.7,8.93,14.96,3.02,6.67,9.18,7.98,6.57,2.85,7.37,0.35,999.0,10.29,10.58,10.16,9.23,7.74,2.49,27.93,13.77,3.45,6.71,12.39,19.92,18.69,13.59,15.74,5.21,16.5,16.58,17.49,44.32,5.52,23.54,13.96,18.23,10.05,8.84,14.77,8.47,16.33,22.83,1.88,2.9,11.35,10.66,4.99,4.3,10.44,13.57,10.58,23.5,3.08,23.77,2.53,15.49,5.28,16.38,20.17,7.79,1.13,7.93,18.57,8.35,11.21,14.39,9.67,6.5,17.57,24.29,9.34,12.17,1.3,15.42,24.57,11.71,13.19,6.57,18.13,24.31,6.57,16.64,10.13,13.83,13.76,18.37,9.48,1.59,17.36,11.22,15.37,3.59,2.04,3.76,16.75,7.99,22.73,23.33,2.03,4.03,3.13,15.34,4.16,4.17,9.12,13.61,8.78,11.32,6.97,23.32,16.58,9.92,7.23,20.89,1.33,8.89,12.87,1.1,16.74,1.84,2.48,6.78,3.51,4.93,6.57,2.7,18.11,7.27,11.64,22.9,0.92,8.32,3.08,10.94,4.3,6.57,13.76,15.44,6.24,13.21,1.76,7.41,9.45,19.3,10.13,18.74,4.25,1.1,4.13,18.59,6.57,23.24,11.88,19.22,2.32,10.13,4.08,6.06,14.41,9.89,3.75,7.98,13.48,1.68,6.67,10.13,9.3,9.09,8.55,12.07,3.28,1.84,10.75,3.08,19.3,20.73,25.64,6.48,11.84,24.62,12.86,17.91,19.43,2.04,11.71,2.3,19.52,25.95,11.25,2.48
  32  23,7.63,8.69,10.52,4.0,10.84,10.62,6.78,4.47,11.58,11.82,5.74,2.54,10.24,7.46,3.63,1.6,2.36,6.77,9.1,3.0,10.42,10.29,999.0,6.83,13.07,13.18,4.7,8.51,19.89,10.96,8.41,3.59,3.11,16.87,15.69,4.47,12.16,10.31,7.58,15.47,14.36,35.64,5.24,13.44,7.56,8.61,12.98,12.77,4.8,1.85,12.67,12.96,10.03,7.51,3.63,1.36,5.89,7.45,1.7,4.51,11.44,13.24,7.43,13.62,9.57,6.23,5.42,6.75,10.28,5.42,9.51,3.51,11.16,3.82,11.25,4.12,12.62,4.26,7.63,14.27,12.57,12.49,10.7,5.31,14.3,1.51,4.72,6.77,16.51,14.15,6.77,15.1,0.3,13.36,9.51,14.48,14.06,11.87,16.75,8.71,5.24,6.76,10.81,6.66,10.15,2.33,12.9,13.09,8.94,10.77,8.69,13.25,8.17,6.65,6.74,3.33,4.92,3.71,3.96,13.03,15.47,14.29,8.5,10.71,10.47,5.93,3.97,9.39,16.95,11.29,11.95,6.54,7.23,8.22,6.77,9.24,10.75,12.45,13.35,13.03,10.28,9.45,7.43,13.23,7.45,6.77,9.51,12.85,4.23,12.7,12.04,4.05,13.36,15.31,9.97,16.51,6.04,11.12,6.16,17.61,6.77,13.39,1.59,9.28,10.78,0.3,6.32,4.23,4.27,11.77,6.72,11.46,10.6,10.85,3.63,0.71,3.92,4.28,2.85,3.2,7.57,8.69,11.22,7.43,15.31,10.9,15.7,3.98,11.8,14.53,2.59,14.01,16.41,10.67,1.51,8.18,10.88,15.77,10.52,11.95
  33  24,9.7,10.11,3.87,5.83,10.11,11.69,0.35,3.91,6.55,6.56,8.33,8.53,4.51,7.83,6.5,5.51,6.99,4.02,11.24,7.18,10.48,10.58,6.83,999.0,7.32,7.93,9.97,8.09,17.46,4.28,10.94,6.96,9.81,10.58,9.33,5.74,5.86,7.18,7.34,8.67,7.99,33.93,8.67,15.29,3.63,9.61,7.27,7.64,7.73,6.22,6.44,14.1,9.19,9.1,10.42,8.18,6.01,6.28,5.23,11.14,5.17,16.08,9.25,15.67,8.44,7.0,8.64,8.19,11.75,3.0,10.48,8.83,8.16,9.47,4.71,8.59,7.01,5.37,9.7,18.94,7.13,5.87,10.14,8.53,17.09,6.88,4.83,4.02,9.81,16.22,4.02,8.34,7.02,6.56,3.39,8.46,8.91,11.92,9.93,1.89,8.55,8.56,12.17,8.7,6.22,6.89,13.93,17.05,10.49,8.41,11.02,6.52,6.54,6.64,1.5,8.31,2.42,10.5,8.45,16.52,8.67,8.98,4.2,13.21,11.52,1.77,10.7,10.29,10.13,10.44,10.82,3.8,7.22,5.91,4.02,11.28,7.71,8.17,7.05,14.16,9.99,4.2,9.25,7.17,6.28,4.02,3.39,6.22,5.99,5.91,12.04,9.01,8.04,9.39,3.67,9.94,7.76,10.81,7.63,10.83,4.02,14.42,7.42,11.05,9.55,7.02,7.21,7.12,7.96,5.87,7.3,6.57,3.92,11.97,6.5,6.12,3.01,2.76,4.5,10.0,7.37,9.95,4.85,9.25,9.39,12.12,16.87,7.69,5.15,16.27,8.23,7.98,10.09,9.62,6.88,8.42,9.67,17.81,3.87,10.82
  34  25,17.0,11.06,4.08,13.1,8.79,11.6,7.12,11.21,11.04,1.51,15.65,13.79,9.06,9.14,10.86,11.48,12.08,6.55,12.4,11.9,9.86,10.16,13.07,7.32,999.0,1.29,14.27,8.4,22.44,6.72,12.58,11.31,16.17,11.12,10.08,13.05,8.43,4.97,14.45,7.15,9.22,38.69,12.07,22.41,10.31,16.78,0.11,1.47,15.02,11.71,8.86,21.09,8.28,10.74,16.24,14.28,8.69,7.43,11.82,17.58,2.38,23.34,11.0,22.81,7.7,14.28,11.89,15.48,18.91,7.65,10.81,13.53,13.99,14.21,3.24,15.74,0.52,9.54,17.0,26.22,0.82,3.15,9.0,15.82,24.33,13.64,12.15,6.55,8.74,23.36,6.55,7.46,13.16,4.68,8.1,10.5,2.01,10.65,7.58,5.96,15.84,10.69,12.2,10.95,11.92,12.0,20.9,24.37,11.4,6.16,12.43,6.91,6.91,8.59,6.57,15.33,8.23,16.28,12.72,23.83,7.15,1.86,4.69,20.48,11.48,7.29,17.01,10.63,6.73,8.82,8.68,6.71,8.65,6.22,6.55,12.33,13.62,3.19,1.73,21.15,9.24,3.62,11.0,0.91,7.43,6.55,8.1,7.38,10.01,4.36,10.68,13.4,1.19,11.29,3.7,9.62,10.33,9.62,10.08,8.84,6.55,21.37,14.12,18.27,7.96,13.16,9.48,11.03,15.18,1.45,9.22,2.23,6.67,11.83,10.86,12.43,9.32,8.92,10.23,16.2,8.48,10.82,2.79,11.0,11.29,19.21,23.77,11.81,3.4,23.34,15.07,10.16,10.69,8.21,13.64,9.18,16.2,24.91,4.08,8.68
  35  26,17.63,10.3,5.08,13.6,7.8,10.67,7.69,11.75,12.16,1.4,16.19,13.67,10.13,8.54,10.67,11.58,11.98,6.47,11.63,11.74,8.92,9.23,13.18,7.93,1.29,999.0,13.96,7.69,23.6,7.85,11.87,11.1,16.26,12.4,11.36,13.59,9.63,4.18,15.2,8.43,10.49,39.9,11.66,23.17,11.14,17.51,1.22,0.45,15.52,11.7,10.07,21.91,7.37,10.1,16.19,14.33,8.36,6.95,12.06,17.67,3.41,24.01,10.37,23.56,6.87,14.93,11.47,16.12,19.65,7.78,9.97,13.3,15.01,13.98,4.33,16.12,1.14,9.4,17.63,26.68,0.85,4.4,8.02,16.32,25.02,13.88,12.71,6.47,10.01,24.11,6.47,8.75,13.24,5.96,9.11,11.75,0.98,9.6,8.81,6.79,16.32,10.13,11.27,10.4,12.93,11.91,21.72,24.91,10.62,5.2,11.7,8.17,6.35,8.14,6.98,15.65,8.5,16.22,12.44,24.43,8.43,1.11,4.68,21.14,10.57,7.62,17.07,9.8,7.91,7.78,7.58,6.67,8.1,5.75,6.47,11.54,14.63,2.04,3.01,21.97,8.31,3.88,10.37,2.18,6.95,6.47,9.11,8.63,9.81,5.62,9.61,13.12,0.22,12.55,4.49,10.9,9.87,8.61,9.61,10.07,6.47,22.2,14.34,18.97,6.97,13.24,9.02,10.76,15.62,2.33,8.72,1.76,7.77,10.89,10.67,12.58,9.6,9.19,10.34,16.24,7.9,10.06,3.83,10.37,12.55,19.98,24.62,11.55,4.59,24.13,15.33,11.41,11.98,7.24,13.88,8.48,17.12,25.69,5.08,7.58
  36  27,12.1,5.78,12.96,8.7,8.87,7.47,9.78,8.88,15.76,12.81,10.26,2.19,14.12,5.9,3.6,4.91,3.06,7.84,5.55,2.79,8.0,7.74,4.7,9.97,14.27,13.96,999.0,7.06,24.59,14.24,4.76,3.12,5.21,20.53,19.29,9.16,15.79,10.13,12.28,18.42,17.95,40.29,2.44,17.65,11.79,13.21,14.17,13.51,9.35,3.95,16.35,17.37,8.36,4.93,3.79,4.12,5.6,7.06,6.03,6.13,13.32,17.09,4.7,17.76,8.24,10.93,2.68,11.37,14.72,7.38,6.68,1.24,15.75,0.94,13.45,8.31,13.77,4.94,12.1,16.96,13.59,14.71,8.64,9.74,18.13,6.1,9.32,7.84,19.69,18.26,7.84,18.19,4.41,15.96,13.18,18.31,14.64,9.17,19.59,11.63,9.65,4.41,7.44,4.16,14.55,3.16,17.34,16.38,5.85,9.95,5.11,16.43,7.74,5.88,9.21,7.49,7.57,3.73,1.6,16.59,18.42,14.98,9.66,14.85,7.36,8.45,5.44,6.65,19.5,9.3,10.01,7.75,6.1,8.23,7.84,5.72,15.32,12.6,15.09,17.44,8.14,10.91,4.7,14.72,7.06,7.84,13.18,16.18,4.37,15.26,9.33,0.96,14.17,19.2,12.09,19.9,4.26,8.8,4.52,20.61,7.84,17.81,5.94,13.71,9.17,4.41,5.05,3.26,8.72,13.27,5.43,12.22,13.88,7.62,3.6,5.09,7.07,7.23,5.54,4.77,6.39,5.9,13.25,4.7,19.2,15.38,20.02,2.49,14.09,18.73,6.59,17.82,20.04,8.96,6.1,6.37,15.58,19.83,12.96,10.01
  37  28,15.46,2.66,8.93,11.11,2.37,3.7,7.75,9.98,14.6,6.91,13.62,7.66,12.48,1.18,4.92,7.21,6.37,4.08,4.01,5.84,2.4,2.49,8.51,8.09,8.4,7.69,7.06,999.0,25.47,11.35,4.18,5.12,10.99,17.57,16.34,11.38,13.31,3.52,14.19,14.38,15.11,41.87,4.62,21.44,11.5,16.02,8.29,7.26,12.71,6.66,13.9,20.65,1.52,2.46,10.25,9.13,2.75,1.81,8.38,12.29,8.44,21.55,2.74,21.7,1.19,13.25,4.38,14.2,18.01,5.33,2.61,6.86,16.11,7.42,8.98,12.51,7.89,4.39,15.46,22.75,7.6,10.03,2.28,13.41,22.62,9.83,10.91,4.08,15.91,22.25,4.08,14.4,8.41,11.64,11.28,15.95,8.16,3.89,15.25,8.76,13.36,2.7,4.24,2.97,14.27,6.36,20.54,21.59,3.02,2.94,4.03,13.01,1.75,1.92,6.63,11.78,6.35,10.23,5.86,21.48,14.38,8.56,4.87,18.86,3.54,6.41,11.6,2.41,14.74,2.81,3.44,4.29,1.29,2.56,4.08,3.96,15.65,5.95,9.72,20.72,1.98,6.05,2.74,9.1,1.81,4.08,11.28,13.07,4.29,11.0,4.03,6.45,7.91,16.88,7.82,16.46,2.85,2.86,2.62,16.45,4.08,21.04,10.07,17.09,2.28,8.41,2.25,4.51,12.42,7.89,1.83,6.18,11.05,3.98,4.92,8.23,6.96,6.71,6.4,10.76,0.96,2.43,8.56,2.74,16.88,18.55,23.47,5.14,9.63,22.52,11.09,15.49,17.08,2.15,9.83,0.8,17.14,23.89,8.93,3.44
  38  29,13.33,27.12,18.59,15.89,27.57,28.89,17.81,16.03,11.48,22.61,14.78,22.42,13.62,25.01,22.35,19.96,21.84,21.46,28.04,22.38,27.87,27.93,19.89,17.46,22.44,23.6,24.59,25.47,999.0,15.75,27.54,22.63,20.7,13.43,13.7,15.43,14.02,24.46,12.31,16.96,13.85,16.47,24.59,11.15,13.97,11.87,22.46,23.53,15.53,20.95,13.66,9.86,26.64,25.98,22.37,20.7,23.04,23.67,18.67,21.03,20.2,13.41,26.05,11.58,25.9,13.69,24.68,13.47,11.38,20.14,27.66,23.38,9.36,23.71,19.28,16.99,22.46,21.82,13.33,18.75,22.78,19.36,27.58,15.44,13.41,18.55,15.37,21.46,16.06,11.64,21.46,16.3,20.18,18.18,14.77,12.46,24.45,29.34,17.75,17.43,15.54,25.31,29.3,25.35,11.25,21.76,9.67,16.22,27.48,25.79,27.72,15.85,23.99,23.81,18.96,17.68,19.17,22.49,23.64,14.98,16.96,24.28,21.48,12.79,28.72,19.06,21.23,27.48,19.08,27.91,28.28,21.21,24.45,23.37,21.46,28.12,9.82,24.74,21.03,9.82,27.41,20.99,26.05,21.72,23.67,21.46,14.77,15.23,22.3,18.24,29.47,23.87,23.58,11.99,19.45,14.97,24.45,28.25,24.41,17.17,21.46,9.54,18.82,12.19,27.01,20.18,24.16,23.12,16.27,21.3,24.36,23.0,15.85,29.17,22.35,19.52,18.8,18.94,19.95,21.22,24.66,27.01,19.79,26.05,11.99,10.75,9.55,23.3,19.04,10.89,18.51,12.63,13.55,27.08,18.55,25.67,9.02,11.74,18.59,28.28
  39  30,11.81,13.72,2.89,8.98,12.94,15.05,4.46,7.17,4.32,6.88,10.98,12.8,2.47,11.41,10.73,9.75,11.27,7.45,14.97,11.45,13.6,13.77,10.96,4.28,6.72,7.85,14.24,11.35,15.75,999.0,14.78,11.19,13.8,6.4,5.14,8.71,2.0,9.25,8.87,4.58,3.83,32.1,12.81,16.5,4.76,11.18,6.74,7.78,10.67,10.49,2.56,15.03,12.1,12.86,14.58,12.31,9.84,9.62,9.28,15.05,4.45,17.79,13.05,16.96,11.34,9.2,12.76,10.35,13.19,7.03,13.92,13.11,7.41,13.75,3.53,11.9,6.71,9.52,11.81,21.49,7.03,3.79,13.03,11.39,18.69,10.75,7.76,7.45,5.56,17.48,7.45,4.15,11.18,3.28,1.93,4.6,8.72,14.87,5.91,2.71,11.44,12.43,15.59,12.6,5.4,11.17,14.81,19.3,14.11,10.67,14.81,2.29,9.62,10.31,5.18,11.82,6.67,14.66,12.7,18.56,4.58,8.57,6.57,15.0,14.89,5.84,14.69,13.72,6.42,13.17,13.36,7.33,10.78,8.84,7.45,14.98,7.08,9.07,5.48,15.08,13.03,5.66,13.05,6.07,9.62,7.45,1.93,1.95,10.14,2.94,14.97,13.28,7.84,5.53,3.9,5.66,11.7,13.73,11.53,6.67,7.45,15.25,11.29,12.75,12.22,11.18,11.03,11.3,11.11,5.55,11.02,7.34,0.36,15.33,10.73,10.25,7.27,7.04,8.78,14.04,10.84,13.53,4.04,13.05,5.53,13.35,17.55,11.92,3.34,17.34,11.95,4.14,5.9,12.37,10.75,11.86,9.86,18.94,2.89,13.36
  40  31,16.02,1.64,12.69,12.03,4.92,2.78,10.64,11.52,17.43,11.07,14.13,6.45,15.45,3.54,5.22,7.75,6.07,7.36,0.79,5.45,3.78,3.45,8.41,10.94,12.58,11.87,4.76,4.18,27.54,14.78,999.0,5.01,9.85,21.15,19.9,12.42,16.64,7.69,15.52,18.26,18.61,43.69,3.17,21.85,13.82,16.92,12.46,11.44,13.18,6.83,17.23,21.36,4.8,1.95,8.54,8.39,4.96,5.4,9.09,10.86,12.43,21.52,1.74,22.01,5.08,14.33,3.0,15.03,18.67,7.93,2.33,5.33,18.28,5.55,12.88,12.47,12.06,5.78,16.02,21.7,11.78,14.01,4.65,13.72,22.57,9.91,12.26,7.36,19.73,22.53,7.36,18.2,8.18,15.55,14.32,19.29,12.3,4.61,19.21,12.08,13.65,2.38,2.68,2.25,16.69,6.12,21.3,21.01,1.44,6.9,0.36,16.67,5.73,4.49,9.67,11.65,8.68,8.49,4.53,21.14,18.26,12.71,8.7,19.09,2.69,9.17,10.17,2.4,18.79,5.26,5.93,7.45,4.13,6.51,7.36,0.97,17.83,10.07,13.84,21.43,4.16,9.96,1.74,13.25,5.4,7.36,14.32,16.63,5.25,14.88,4.76,4.74,12.09,20.22,11.61,20.18,3.19,4.54,3.31,20.38,7.36,21.79,9.94,17.68,5.5,8.18,3.76,4.46,12.68,11.99,3.77,10.35,14.45,2.89,5.22,8.48,8.8,8.73,7.59,9.45,4.19,1.87,12.51,1.74,20.22,19.29,24.11,4.46,13.54,22.93,10.81,18.81,20.66,5.24,9.91,3.4,18.74,24.14,12.69,5.93
  41  32,11.08,5.11,9.84,7.02,7.37,7.05,6.74,6.61,13.05,9.88,9.18,2.66,11.27,3.99,0.48,2.74,1.27,4.79,5.63,0.72,6.86,6.71,3.59,6.96,11.31,11.1,3.12,5.12,22.63,11.19,5.01,999.0,5.88,17.53,16.29,7.41,12.82,7.56,10.52,15.32,14.95,38.7,1.96,16.98,9.2,11.92,11.21,10.66,8.24,1.84,13.39,16.41,6.62,3.93,5.27,4.02,2.85,4.47,4.08,7.2,10.23,16.82,3.86,17.18,6.26,9.32,2.05,10.04,13.72,4.27,5.92,2.22,13.48,2.91,10.34,7.7,10.81,1.83,11.08,17.67,10.67,11.6,7.2,8.83,17.89,5.04,7.28,4.79,16.61,17.71,4.79,15.1,3.42,12.84,10.26,15.39,11.86,8.3,16.47,8.55,8.77,3.18,7.26,3.09,12.05,1.28,16.33,16.63,5.38,7.7,5.25,13.36,5.2,3.42,6.11,6.91,4.54,5.28,1.53,16.6,15.32,12.17,6.64,14.27,6.89,5.37,6.51,5.8,16.38,7.82,8.5,4.68,3.88,5.51,4.79,5.76,13.03,9.94,12.03,16.48,6.76,7.85,3.86,11.7,4.47,4.79,10.26,13.14,1.3,12.14,8.47,2.17,11.31,16.3,8.97,16.84,2.47,7.58,2.61,17.5,4.79,16.83,5.17,12.74,7.4,3.42,2.87,0.65,7.8,10.23,3.29,9.35,10.83,7.28,0.48,3.52,4.22,4.3,2.77,5.67,4.23,5.1,10.14,3.86,16.3,14.32,19.18,0.74,10.98,18.06,6.14,14.9,17.05,7.25,5.04,4.68,13.76,19.33,9.84,8.5
  42  33,7.52,10.56,13.58,5.56,13.2,12.42,9.8,6.83,13.82,14.91,5.92,3.46,12.79,9.85,6.12,4.69,4.65,9.81,10.62,5.16,12.58,12.39,3.11,9.81,16.17,16.26,5.21,10.99,20.7,13.8,9.85,5.88,999.0,19.43,18.3,6.03,14.81,13.2,8.65,18.36,17.0,35.8,6.9,12.64,9.91,8.87,16.09,15.84,5.2,4.63,15.28,12.55,12.49,9.49,1.75,1.95,8.6,10.22,4.59,1.41,14.54,11.92,9.34,12.7,12.13,7.24,7.14,7.24,10.0,8.53,11.45,4.53,12.74,4.33,14.33,3.71,15.72,7.09,7.52,11.91,15.67,15.56,13.02,5.27,12.95,3.07,6.68,9.81,19.32,13.18,9.81,17.95,3.02,16.37,12.21,16.96,17.12,13.93,19.67,11.7,5.17,8.8,12.47,8.62,12.15,4.68,12.56,11.18,10.73,13.52,10.18,16.09,10.95,9.26,9.83,3.03,8.02,1.86,5.44,11.38,18.36,17.36,11.58,9.82,12.28,9.03,0.89,11.37,19.94,13.65,14.35,9.59,9.76,11.11,9.81,10.78,12.38,15.44,16.46,12.62,12.55,12.55,9.34,16.34,10.22,9.81,12.21,15.64,6.89,15.72,14.1,5.11,16.44,17.74,13.06,19.22,8.25,13.34,8.44,20.47,9.81,13.0,2.55,9.0,13.27,3.02,8.74,6.49,4.44,14.88,9.17,14.52,13.45,12.6,6.12,3.78,7.0,7.38,5.94,0.54,10.11,10.62,14.32,9.34,17.74,10.68,15.07,5.93,14.86,13.69,2.29,16.51,18.99,13.12,3.07,10.52,11.78,14.71,13.58,14.35
  43  34,15.48,20.04,8.66,14.07,18.92,21.25,10.8,12.6,5.99,11.97,15.33,18.95,6.65,17.73,17.08,15.86,17.51,13.8,21.31,17.74,19.71,19.92,16.87,10.58,11.12,12.4,20.53,17.57,13.43,6.4,21.15,17.53,19.43,999.0,1.25,13.67,4.75,15.04,12.47,4.12,2.58,28.62,19.2,18.48,9.55,14.34,11.19,12.53,15.35,16.68,4.21,16.8,18.15,19.22,20.46,18.2,16.22,15.91,15.17,20.55,9.59,20.31,19.42,19.0,17.42,13.4,19.15,14.29,15.87,13.42,20.17,19.36,8.91,19.98,8.81,16.85,11.37,15.9,15.48,24.92,11.76,8.13,19.05,15.91,20.99,16.37,12.85,13.8,2.78,19.42,13.8,3.67,17.12,6.46,7.39,2.55,12.98,20.87,4.48,9.11,15.99,18.81,21.82,18.99,8.0,17.41,16.55,22.44,20.43,16.46,21.16,4.58,15.82,16.67,11.58,17.0,13.0,20.56,19.02,21.45,4.12,12.67,12.71,17.9,21.1,12.22,20.3,19.97,5.85,19.1,19.17,13.7,17.1,15.02,13.8,21.31,8.91,14.16,9.4,16.83,19.11,11.61,19.42,10.23,15.91,13.8,7.39,4.53,16.52,6.93,20.95,19.58,12.29,2.06,9.79,1.67,18.09,19.74,17.91,3.75,13.8,16.86,16.89,15.82,18.15,17.12,17.41,17.67,15.97,10.55,17.39,12.62,6.74,21.53,17.08,16.19,13.48,13.3,15.0,19.76,17.14,19.83,9.32,19.42,2.06,15.75,18.69,18.27,8.24,19.04,17.35,2.96,0.49,18.33,16.37,18.14,11.68,20.57,8.66,19.17
  44  35,14.63,18.79,7.45,12.99,17.72,20.02,9.55,11.47,5.12,10.85,14.37,17.74,5.52,16.48,15.83,14.64,16.28,12.55,20.06,16.51,18.49,18.69,15.69,9.33,10.08,11.36,19.29,16.34,13.7,5.14,19.9,16.29,18.3,1.25,999.0,12.61,3.54,13.86,11.59,3.35,1.34,29.24,17.95,17.95,8.46,13.56,10.14,11.47,14.34,15.46,3.02,16.29,16.94,17.97,19.29,17.02,14.97,14.67,13.99,19.44,8.44,19.69,18.16,18.46,16.2,12.45,17.89,13.38,15.18,12.17,18.94,18.13,8.27,18.75,7.63,15.81,10.3,14.65,14.63,24.17,10.68,7.02,17.85,14.93,20.42,15.23,11.76,12.55,2.39,18.91,12.55,2.78,15.94,5.4,6.19,1.73,11.99,19.67,4.05,7.85,15.0,17.56,20.58,17.73,7.14,16.18,16.04,21.73,19.18,15.28,19.91,3.38,14.59,15.42,10.32,15.93,11.76,19.38,17.78,20.78,3.35,11.69,11.48,17.2,19.87,10.97,19.17,18.74,5.38,17.9,18.0,12.45,15.86,13.79,12.55,20.06,8.21,13.06,8.39,16.32,17.9,10.39,18.16,9.2,14.67,12.55,6.19,3.28,15.27,5.81,19.75,18.34,11.26,1.74,8.57,1.42,16.83,18.54,16.66,3.66,12.55,16.38,15.75,15.07,16.95,15.94,16.16,16.43,14.94,9.43,16.13,11.49,5.49,20.3,15.83,15.0,12.25,12.06,13.78,18.62,15.89,18.59,8.15,18.16,1.74,15.12,18.32,17.02,7.08,18.57,16.24,2.0,0.76,17.13,15.23,16.9,11.08,20.12,7.45,18.0
